date,year,course,type,etape,equipe,selected,classification,statut,rang,pts_uci,rang_gc_final,pts_uci_gc_final,rang_kom_final,pts_uci_kom_final,rang_points_final,pts_uci_points_final,pts_uci_equipe_stage,pts_uci_equipe_total,pts_uci_gc,pts_uci_kom,pts_uci_points,stage_num,distance_gpx_km,asphalt_km,paved_km,cobblestones_km,unpaved_km,compacted_gravel_km,road_km,street_km,state_road_km,cycleway_km,off-grid_(unknown)_km,access_road_km,unknown_km,path_km,singletrack_km,denivele_pos,denivele_neg,altitude_max,altitude_min,n_cols_cat4,n_cols_cat3,n_cols_cat2,n_cols_cat1,n_cols_hc,loc_last_col_cat4,loc_last_col_cat3,loc_last_col_cat2,loc_last_col_cat1,loc_last_col_hc,gradient_last_1km,gradient_last_3km,gradient_last_5km,denivele_last_5km,gradient_first_50km,denivele_first_50km,leader_played,n_races_30d,km_30d,max_pts,cobblestones_last_50km,compacted_gravel_last_50km,cobblestones_last_20km,compacted_gravel_last_20km,cobblestones_last_10km,compacted_gravel_last_10km,pts_ratio,startlist_quality,avg_temperature,won_how,forme_equipe,stage_cluster,stage_cluster_label,is_team_leader
2022-01-30,2022,grand-prix-megasaray,result,,Turkey,0,1.2,,,0.0,,,,,,,0.0,0.0,0.0,0.0,0.0,,123.61,123.0,0.475,0.229,0.0,0.0,21.6,0.39,102.0,0.0,0.0,0.0,0.0,0.293,0.0,628.0,630.0,86.0,1.0,1.0,0.0,0.0,0.0,0.0,0.9375,0.0,0.0,0.0,0.0,-0.9,-1.6,-0.24,154.0,-0.06,248.0,1.0,0,0.0,40.0,0.0,0.0,0.0,0.0,0.0,0.0,0.0,10.0,,Sprint of large group,27.6,1.0,🟢  Plat/Sprint,0
2022-01-30,2022,grand-prix-megasaray,result,,Konya Büyükşehir,1,1.2,FIN,45.0,0.0,,,,,,,0.0,0.0,0.0,0.0,0.0,,123.61,123.0,0.475,0.229,0.0,0.0,21.6,0.39,102.0,0.0,0.0,0.0,0.0,0.293,0.0,628.0,630.0,86.0,1.0,1.0,0.0,0.0,0.0,0.0,0.9375,0.0,0.0,0.0,0.0,-0.9,-1.6,-0.24,154.0,-0.06,248.0,0.0,0,0.0,40.0,0.0,0.0,0.0,0.0,0.0,0.0,0.0,10.0,,Sprint of large group,,1.0,🟢  Plat/Sprint,0
2022-02-05,2022,grand-prix-alanya,result,,Konya Büyükşehir,1,1.2,FIN,76.0,0.0,,,,,,,0.0,0.0,0.0,0.0,0.0,,147.69,116.0,27.4,1.93,0.0,0.0,109.0,2.81,33.9,0.0,1.8,0.0,1.8,0.0,0.0,2532.0,2539.0,290.0,0.0,3.0,3.0,0.0,0.0,0.0,0.8774,0.8774,0.0,0.0,0.0,0.3,0.17,-0.28,64.0,0.42,415.0,0.0,1,123.61,40.0,0.0,0.0,0.0,0.0,0.0,0.0,0.0,16.0,,Sprint of small group,,2.0,⛰️  Moy. montagne,0
2022-02-05,2022,grand-prix-alanya,result,,Turkey,0,1.2,,,0.0,,,,,,,0.0,0.0,0.0,0.0,0.0,,147.69,116.0,27.4,1.93,0.0,0.0,109.0,2.81,33.9,0.0,1.8,0.0,1.8,0.0,0.0,2532.0,2539.0,290.0,0.0,3.0,3.0,0.0,0.0,0.0,0.8774,0.8774,0.0,0.0,0.0,0.3,0.17,-0.28,64.0,0.42,415.0,1.0,1,123.61,40.0,0.0,0.0,0.0,0.0,0.0,0.0,0.0,16.0,,Sprint of small group,0.2,2.0,⛰️  Moy. montagne,0
2022-02-19,2022,grand-prix-velo-alanya,result,,Konya Büyükşehir,0,1.2,,,0.0,,,,,,,0.0,0.0,0.0,0.0,0.0,,136.38,119.0,17.0,0.229,0.0,0.0,39.3,0.742,95.9,0.0,0.187,0.0,0.271,0.293,0.0,2233.0,1407.0,865.0,0.0,0.0,0.0,0.0,0.0,1.0,0.9828,0.9828,0.9828,0.9828,0.9828,0.1,2.8,4.04,316.0,-0.06,358.0,0.0,2,271.3,40.0,0.0,0.0,0.0,0.0,0.0,0.0,0.0,15.0,,? km solo,0.0,1.0,🟢  Plat/Sprint,0
2022-02-19,2022,grand-prix-velo-alanya,result,,Turkey,1,1.2,FIN,98.0,0.0,,,,,,,0.0,0.0,0.0,0.0,0.0,,136.38,119.0,17.0,0.229,0.0,0.0,39.3,0.742,95.9,0.0,0.187,0.0,0.271,0.293,0.0,2233.0,1407.0,865.0,0.0,0.0,0.0,0.0,0.0,1.0,0.9828,0.9828,0.9828,0.9828,0.9828,0.1,2.8,4.04,316.0,-0.06,358.0,1.0,2,271.3,40.0,0.0,0.0,0.0,0.0,0.0,0.0,0.0,15.0,,? km solo,27.6,1.0,🟢  Plat/Sprint,0
2022-02-20,2022,grand-prix-justiniano-hotels,result,,Turkey,1,1.2,FIN,29.0,0.0,,,,,,,0.0,0.0,0.0,0.0,0.0,,157.25,152.0,1.79,0.828,0.0,0.0,32.5,1.65,120.0,0.0,0.425,0.0,2.74,2.99,0.0,1742.0,1774.0,239.0,-2.0,0.0,1.0,0.0,0.0,0.0,0.5914,0.5914,0.0,0.0,0.0,0.1,-0.17,0.02,213.0,-0.03,477.0,1.0,3,407.68,40.0,0.0,0.0,0.0,0.0,0.0,0.0,0.0,15.0,,Sprint of large group,13.0,1.0,🟢  Plat/Sprint,0
2022-02-20,2022,grand-prix-justiniano-hotels,result,,Konya Büyükşehir,0,1.2,,,0.0,,,,,,,0.0,0.0,0.0,0.0,0.0,,157.25,152.0,1.79,0.828,0.0,0.0,32.5,1.65,120.0,0.0,0.425,0.0,2.74,2.99,0.0,1742.0,1774.0,239.0,-2.0,0.0,1.0,0.0,0.0,0.0,0.5914,0.5914,0.0,0.0,0.0,0.1,-0.17,0.02,213.0,-0.03,477.0,0.0,3,407.68,40.0,0.0,0.0,0.0,0.0,0.0,0.0,0.0,15.0,,Sprint of large group,0.0,1.0,🟢  Plat/Sprint,0
2022-03-05,2022,grand-prix-gazipasa,result,,Konya Büyükşehir,1,1.2,FIN,121.0,0.0,,,,,,,0.0,0.0,0.0,0.0,0.0,,124.45,124.0,0.802,0.0,0.0,0.0,43.7,0.0,80.8,0.0,0.0,0.0,0.0,0.0,0.0,2366.0,2375.0,257.0,1.0,0.0,4.0,0.0,0.0,0.0,0.8242,0.8242,0.0,0.0,0.0,0.0,-0.93,-0.28,221.0,0.12,750.0,1.0,3,441.32,40.0,0.0,0.0,0.0,0.0,0.0,0.0,0.0,17.0,,-,0.0,2.0,⛰️  Moy. montagne,0
2022-03-05,2022,grand-prix-gazipasa,result,,Turkey,0,1.2,,,0.0,,,,,,,0.0,0.0,0.0,0.0,0.0,,124.45,124.0,0.802,0.0,0.0,0.0,43.7,0.0,80.8,0.0,0.0,0.0,0.0,0.0,0.0,2366.0,2375.0,257.0,1.0,0.0,4.0,0.0,0.0,0.0,0.8242,0.8242,0.0,0.0,0.0,0.0,-0.93,-0.28,221.0,0.12,750.0,1.0,3,441.32,40.0,0.0,0.0,0.0,0.0,0.0,0.0,0.0,17.0,,-,0.2,2.0,⛰️  Moy. montagne,0
2022-03-06,2022,grand-prix-mediterrennean,result,,Turkey,0,1.2,,,0.0,,,,,,,0.0,0.0,0.0,0.0,0.0,,74.65,73.1,0.773,0.675,0.0,0.0,54.5,0.547,19.3,0.0,0.0,0.0,0.0,0.293,0.0,2171.0,1292.0,1034.0,0.0,1.0,0.0,0.0,0.0,1.0,0.9985,0.9076,0.9076,0.9076,0.9076,5.3,-1.3,-1.48,381.0,1.04,1156.0,1.0,4,565.77,40.0,0.0,0.0,0.0,0.0,0.0,0.0,0.0,17.0,,-,0.2,2.0,⛰️  Moy. montagne,0
2022-03-06,2022,grand-prix-mediterrennean,result,,Konya Büyükşehir,1,1.2,FIN,87.0,0.0,,,,,,,0.0,0.0,0.0,0.0,0.0,,74.65,73.1,0.773,0.675,0.0,0.0,54.5,0.547,19.3,0.0,0.0,0.0,0.0,0.293,0.0,2171.0,1292.0,1034.0,0.0,1.0,0.0,0.0,0.0,1.0,0.9985,0.9076,0.9076,0.9076,0.9076,5.3,-1.3,-1.48,381.0,1.04,1156.0,1.0,4,565.77,40.0,0.0,0.0,0.0,0.0,0.0,0.0,0.0,17.0,,-,0.0,2.0,⛰️  Moy. montagne,0
2022-03-19,2022,grand-prix-manavgat-side,result,,Konya Bisiklet Sporu Kulübü Derneği,1,1.2,OTL,,0.0,,,,,,,0.0,0.0,0.0,0.0,0.0,,145.43,144.0,0.0,0.948,0.0,0.0,9.21,0.0,135.0,0.0,0.0,0.0,0.179,1.05,0.0,555.0,570.0,33.0,-4.0,0.0,0.0,0.0,0.0,0.0,0.0,0.0,0.0,0.0,0.0,-0.3,-0.23,-0.16,59.0,0.01,201.0,1.0,4,492.73,40.0,0.4,0.0,0.0,0.0,0.0,0.0,0.0,16.0,,-,1.5,1.0,🟢  Plat/Sprint,0
2022-03-19,2022,grand-prix-manavgat-side,result,,Turkey,0,1.2,,,0.0,,,,,,,0.0,0.0,0.0,0.0,0.0,,145.43,144.0,0.0,0.948,0.0,0.0,9.21,0.0,135.0,0.0,0.0,0.0,0.179,1.05,0.0,555.0,570.0,33.0,-4.0,0.0,0.0,0.0,0.0,0.0,0.0,0.0,0.0,0.0,0.0,-0.3,-0.23,-0.16,59.0,0.01,201.0,1.0,4,492.73,40.0,0.4,0.0,0.0,0.0,0.0,0.0,0.0,16.0,,-,0.0,1.0,🟢  Plat/Sprint,0
2022-03-20,2022,grand-prix-gundogmus-me,result,,Turkey,0,1.2,,,0.0,,,,,,,3.0,3.0,0.0,0.0,0.0,,111.36,109.0,0.284,0.469,0.0,0.0,23.9,0.423,85.0,0.0,1.41,0.0,1.48,0.53,0.0,2005.0,1177.0,865.0,0.0,0.0,1.0,0.0,0.0,1.0,0.9859,0.9859,0.9859,0.9859,0.9859,0.3,2.9,4.84,242.0,-0.05,395.0,1.0,5,638.1600000000001,40.0,0.0,0.0,0.0,0.0,0.0,0.0,0.0,17.0,,-,0.0,3.0,🏔️  Haute montagne,0
2022-03-20,2022,grand-prix-gundogmus-me,result,,Konya Bisiklet Sporu Kulübü Derneği,1,1.2,FIN,79.0,0.0,,,,,,,0.0,0.0,0.0,0.0,0.0,,111.36,109.0,0.284,0.469,0.0,0.0,23.9,0.423,85.0,0.0,1.41,0.0,1.48,0.53,0.0,2005.0,1177.0,865.0,0.0,0.0,1.0,0.0,0.0,1.0,0.9859,0.9859,0.9859,0.9859,0.9859,0.3,2.9,4.84,242.0,-0.05,395.0,1.0,5,638.1600000000001,40.0,0.0,0.0,0.0,0.0,0.0,0.0,0.0,17.0,,-,,3.0,🏔️  Haute montagne,0
2022-03-24,2022,gp-goriska-vipava-valley,result,,Turkey,0,1.2,,,0.0,,,,,,,0.0,0.0,0.0,0.0,0.0,,149.5,139.0,10.8,0.0,0.0,0.0,134.0,7.32,0.751,6.97,0.0,0.0,0.178,0.202,0.0,2051.0,2024.0,168.0,53.0,12.0,0.0,0.0,0.0,0.0,0.9834,0.0,0.0,0.0,0.0,-0.3,0.13,-0.14,119.0,0.13,640.0,0.0,4,455.89,40.0,0.0,0.0,0.0,0.0,0.0,0.0,0.0,14.0,,-,0.0,2.0,⛰️  Moy. montagne,0
2022-03-27,2022,gp-adria-mobil,result,,Turkey,0,1.2,,,0.0,,,,,,,0.0,0.0,0.0,0.0,0.0,,180.3,167.0,11.2,1.57,0.0,0.0,129.0,7.78,36.9,4.98,0.0,0.0,0.284,1.72,0.0,2537.0,2569.0,620.0,149.0,2.0,2.0,2.0,0.0,0.0,0.8747,0.8747,0.2418,0.0,0.0,-1.0,-0.5,-0.04,97.0,0.79,995.0,0.0,4,455.89,40.0,0.675,0.0,0.675,0.0,0.435,0.0,0.0,15.0,,Sprint of small group,0.0,2.0,⛰️  Moy. montagne,0
2022-06-26,2022,nc-turkey,result,,,1,NC,FIN,13.0,0.0,,,,,,,0.0,0.0,0.0,0.0,0.0,,,,,,,,,,,,,,,,,,,,,0.0,0.0,0.0,0.0,0.0,,,,,,,,,,,,,0,0.0,,,,,,,,,2.0,,-,,,,0
2022-06-30,2022,mediterranean-games-itt,result,,Turkey,0,JR,,,0.0,,,,,,,0.0,0.0,0.0,0.0,0.0,,,,,,,,,,,,,,,,,,,,,0.0,0.0,0.0,0.0,0.0,,,,,,,,,,,,0.0,1,0.0,,,,,,,,,7.0,,Time trial,,,,0
2022-07-02,2022,mersin-mediterranean-games,result,,Turkey,0,JR,,,0.0,,,,,,,0.0,0.0,0.0,0.0,0.0,,,,,,,,,,,,,,,,,,,,,0.0,0.0,0.0,0.0,0.0,,,,,,,,,,,,0.0,1,0.0,,,,,,,,,20.0,,-,,,,0
2022-07-23,2022,grand-prix-erciyes-mimar-sinan-me,result,,Turkey,0,1.2,,,0.0,,,,,,,0.0,0.0,0.0,0.0,0.0,,144.04,142.0,2.01,0.0,0.0,0.0,48.2,0.0,96.1,0.0,0.0,0.0,0.0,0.0,0.0,1231.0,1231.0,1419.0,1064.0,0.0,2.0,1.0,0.0,0.0,0.767,0.767,0.767,0.0,0.0,-0.4,-0.97,-0.64,19.0,0.25,494.0,1.0,1,0.0,40.0,0.0,0.0,0.0,0.0,0.0,0.0,0.0,9.0,,? km solo,0.0,2.0,⛰️  Moy. montagne,0
2022-07-23,2022,grand-prix-erciyes-mimar-sinan-me,result,,Konya Büyükşehir,1,1.2,FIN,32.0,0.0,,,,,,,0.0,0.0,0.0,0.0,0.0,,144.04,142.0,2.01,0.0,0.0,0.0,48.2,0.0,96.1,0.0,0.0,0.0,0.0,0.0,0.0,1231.0,1231.0,1419.0,1064.0,0.0,2.0,1.0,0.0,0.0,0.767,0.767,0.767,0.0,0.0,-0.4,-0.97,-0.64,19.0,0.25,494.0,0.0,1,0.0,40.0,0.0,0.0,0.0,0.0,0.0,0.0,0.0,9.0,,? km solo,0.0,2.0,⛰️  Moy. montagne,0
2022-07-24,2022,grand-prix-kayseri-me,result,,Konya Büyükşehir,1,1.2,FIN,31.0,0.0,,,,,,,0.0,0.0,0.0,0.0,0.0,,131.0,129.0,2.1,0.0,0.0,0.0,18.9,2.54,110.0,0.0,0.0,0.0,0.0,0.0,0.0,1856.0,847.0,2083.0,1026.0,1.0,0.0,0.0,0.0,1.0,0.9998,0.9998,0.9998,0.9998,0.9998,11.7,11.83,10.84,200.0,-0.04,263.0,0.0,2,144.04,40.0,0.0,0.0,0.0,0.0,0.0,0.0,0.0,9.0,,? km solo,,3.0,🏔️  Haute montagne,0
2022-07-24,2022,grand-prix-kayseri-me,result,,Turkey,0,1.2,,,0.0,,,,,,,0.0,0.0,0.0,0.0,0.0,,131.0,129.0,2.1,0.0,0.0,0.0,18.9,2.54,110.0,0.0,0.0,0.0,0.0,0.0,0.0,1856.0,847.0,2083.0,1026.0,1.0,0.0,0.0,0.0,1.0,0.9998,0.9998,0.9998,0.9998,0.9998,11.7,11.83,10.84,200.0,-0.04,263.0,1.0,2,144.04,40.0,0.0,0.0,0.0,0.0,0.0,0.0,0.0,9.0,,? km solo,0.6,3.0,🏔️  Haute montagne,0
2022-07-31,2022,grand-prix-yahyali,result,,Turkey,0,1.2,,,0.0,,,,,,,0.0,0.0,0.0,0.0,0.0,,122.51,123.0,0.0,0.0,0.0,0.0,93.2,0.817,28.6,0.0,0.0,0.0,0.0,0.0,0.0,489.0,489.0,1258.0,1072.0,1.0,1.0,0.0,0.0,0.0,0.9353,0.9353,0.0,0.0,0.0,-1.4,-2.27,-0.58,200.0,-0.19,169.0,0.0,2,275.03999999999996,40.0,0.0,0.0,0.0,0.0,0.0,0.0,0.0,12.0,,-,0.0,1.0,🟢  Plat/Sprint,0
2022-07-31,2022,grand-prix-yahyali,result,,Konya Büyükşehir,1,1.2,FIN,17.0,0.0,,,,,,,0.0,0.0,0.0,0.0,0.0,,122.51,123.0,0.0,0.0,0.0,0.0,93.2,0.817,28.6,0.0,0.0,0.0,0.0,0.0,0.0,489.0,489.0,1258.0,1072.0,1.0,1.0,0.0,0.0,0.0,0.9353,0.9353,0.0,0.0,0.0,-1.4,-2.27,-0.58,200.0,-0.19,169.0,0.0,2,275.03999999999996,40.0,0.0,0.0,0.0,0.0,0.0,0.0,0.0,12.0,,-,0.0,1.0,🟢  Plat/Sprint,0
2022-08-11,2022,islamic-solidarity-games-me-itt,result,,Turkey,0,JR,,,0.0,,,,,,,0.0,0.0,0.0,0.0,0.0,,,,,,,,,,,,,,,,,,,,,0.0,0.0,0.0,0.0,0.0,,,,,,,,,,,,0.0,3,397.5499999999999,,,,,,,,,6.0,,Time trial,,,,0
2022-08-13,2022,islamic-solidarity-games-me-road-race,result,,Turkey,0,JR,,,0.0,,,,,,,0.0,0.0,0.0,0.0,0.0,,,,,,,,,,,,,,,,,,,,,0.0,0.0,0.0,0.0,0.0,,,,,,,,,,,,1.0,3,397.5499999999999,,,,,,,,,14.0,,Sprint of small group,,,,0
2022-08-18,2022,grand-prix-tomarza,result,,Konya Büyükşehir,1,1.2,FIN,23.0,0.0,,,,,,,3.0,3.0,0.0,0.0,0.0,,133.76,134.0,0.0,0.0,0.0,0.0,108.0,0.0,26.3,0.0,0.0,0.0,0.0,0.0,0.0,1159.0,842.0,1580.0,1076.0,2.0,0.0,1.0,0.0,0.0,0.6523,0.6523,0.6523,0.0,0.0,-0.1,0.0,0.24,160.0,0.77,549.0,0.0,3,397.5499999999999,40.0,0.0,0.0,0.0,0.0,0.0,0.0,0.0,11.0,,-,0.0,1.0,🟢  Plat/Sprint,0
2022-08-18,2022,grand-prix-tomarza,result,,Turkey,0,1.2,,,0.0,,,,,,,0.0,0.0,0.0,0.0,0.0,,133.76,134.0,0.0,0.0,0.0,0.0,108.0,0.0,26.3,0.0,0.0,0.0,0.0,0.0,0.0,1159.0,842.0,1580.0,1076.0,2.0,0.0,1.0,0.0,0.0,0.6523,0.6523,0.6523,0.0,0.0,-0.1,0.0,0.24,160.0,0.77,549.0,1.0,3,397.5499999999999,40.0,0.0,0.0,0.0,0.0,0.0,0.0,0.0,11.0,,-,0.0,1.0,🟢  Plat/Sprint,0
2022-08-19,2022,grand-prix-kapuzbasi,result,,Konya Bisiklet Sporu Kulübü Derneği,0,1.2,,,0.0,,,,,,,0.0,0.0,0.0,0.0,0.0,,119.07,113.0,5.96,0.0,0.0,0.0,104.0,0.942,13.7,0.0,0.215,0.0,0.215,0.0,0.0,1372.0,1396.0,1584.0,1125.0,0.0,1.0,2.0,0.0,0.0,0.8938,0.8938,0.8938,0.0,0.0,-1.4,-3.13,-3.06,116.0,0.34,481.0,1.0,4,531.31,40.0,0.0,0.0,0.0,0.0,0.0,0.0,0.0,13.0,,-,,2.0,⛰️  Moy. montagne,0
2022-08-19,2022,grand-prix-kapuzbasi,result,,Konya Büyükşehir,1,1.2,DNF,,0.0,,,,,,,0.0,0.0,0.0,0.0,0.0,,119.07,113.0,5.96,0.0,0.0,0.0,104.0,0.942,13.7,0.0,0.215,0.0,0.215,0.0,0.0,1372.0,1396.0,1584.0,1125.0,0.0,1.0,2.0,0.0,0.0,0.8938,0.8938,0.8938,0.0,0.0,-1.4,-3.13,-3.06,116.0,0.34,481.0,0.0,4,531.31,40.0,0.0,0.0,0.0,0.0,0.0,0.0,0.0,13.0,,-,0.0,2.0,⛰️  Moy. montagne,0
2022-08-19,2022,grand-prix-kapuzbasi,result,,Turkey,0,1.2,,,0.0,,,,,,,0.0,0.0,0.0,0.0,0.0,,119.07,113.0,5.96,0.0,0.0,0.0,104.0,0.942,13.7,0.0,0.215,0.0,0.215,0.0,0.0,1372.0,1396.0,1584.0,1125.0,0.0,1.0,2.0,0.0,0.0,0.8938,0.8938,0.8938,0.0,0.0,-1.4,-3.13,-3.06,116.0,0.34,481.0,1.0,4,531.31,40.0,0.0,0.0,0.0,0.0,0.0,0.0,0.0,13.0,,-,0.0,2.0,⛰️  Moy. montagne,0
2022-08-20,2022,grand-prix-develi,result,,Turkey,0,1.2,,,0.0,,,,,,,0.0,0.0,0.0,0.0,0.0,,111.67,112.0,0.0,0.0,0.0,0.0,82.2,0.0,29.4,0.0,0.0,0.0,0.0,0.0,0.0,373.0,353.0,1192.0,1072.0,1.0,0.0,0.0,0.0,0.0,0.9988,0.0,0.0,0.0,0.0,2.3,1.93,1.96,179.0,-0.2,97.0,1.0,5,650.3799999999999,40.0,0.0,0.0,0.0,0.0,0.0,0.0,0.0,13.0,,-,0.0,1.0,🟢  Plat/Sprint,0
2022-08-20,2022,grand-prix-develi,result,,Konya Büyükşehir,1,1.2,FIN,24.0,0.0,,,,,,,0.0,0.0,0.0,0.0,0.0,,111.67,112.0,0.0,0.0,0.0,0.0,82.2,0.0,29.4,0.0,0.0,0.0,0.0,0.0,0.0,373.0,353.0,1192.0,1072.0,1.0,0.0,0.0,0.0,0.0,0.9988,0.0,0.0,0.0,0.0,2.3,1.93,1.96,179.0,-0.2,97.0,0.0,5,650.3799999999999,40.0,0.0,0.0,0.0,0.0,0.0,0.0,0.0,13.0,,-,0.6,1.0,🟢  Plat/Sprint,0
2022-08-21,2022,grand-prix-cappadocia,result,,Konya Büyükşehir,1,1.2,FIN,25.0,0.0,,,,,,,0.0,0.0,0.0,0.0,0.0,,145.03,145.0,0.0,0.0,0.0,0.0,106.0,0.759,38.4,0.0,0.348,0.0,0.0,0.0,0.0,2022.0,902.0,2216.0,1066.0,0.0,0.0,1.0,0.0,1.0,0.9889,0.9889,0.9889,0.9889,0.9889,-2.9,-0.83,1.12,56.0,0.24,737.0,0.0,6,762.0499999999998,40.0,0.0,0.0,0.0,0.0,0.0,0.0,0.0,15.0,,-,0.0,3.0,🏔️  Haute montagne,0
2022-08-21,2022,grand-prix-cappadocia,result,,Turkey,0,1.2,,,0.0,,,,,,,0.0,0.0,0.0,0.0,0.0,,145.03,145.0,0.0,0.0,0.0,0.0,106.0,0.759,38.4,0.0,0.348,0.0,0.0,0.0,0.0,2022.0,902.0,2216.0,1066.0,0.0,0.0,1.0,0.0,1.0,0.9889,0.9889,0.9889,0.9889,0.9889,-2.9,-0.83,1.12,56.0,0.24,737.0,1.0,6,762.0499999999998,40.0,0.0,0.0,0.0,0.0,0.0,0.0,0.0,15.0,,-,0.6,3.0,🏔️  Haute montagne,0
2022-08-25,2022,tour-of-konya,stage,1.0,Konya Büyükşehir,1,2.2,FIN,36.0,0.0,46.0,0.0,,,,,0.0,0.0,0.0,0.0,0.0,1.0,105.49,99.5,4.12,0.0,0.0,0.0,67.4,2.68,32.0,1.49,1.62,0.0,1.62,0.0,0.0,1037.0,1037.0,125.0,20.0,5.0,0.0,0.0,0.0,0.0,0.7773,0.0,0.0,0.0,0.0,0.0,0.03,0.0,5.0,0.13,540.0,1.0,5,632.04,7.0,0.0,0.0,0.0,0.0,0.0,0.0,0.0,16.0,,-,0.6,1.0,🟢  Plat/Sprint,0
2022-08-25,2022,tour-of-konya,stage,1.0,Turkey,0,2.2,,,0.0,,,,,,,0.0,0.0,0.0,0.0,0.0,1.0,105.49,99.5,4.12,0.0,0.0,0.0,67.4,2.68,32.0,1.49,1.62,0.0,1.62,0.0,0.0,1037.0,1037.0,125.0,20.0,5.0,0.0,0.0,0.0,0.0,0.7773,0.0,0.0,0.0,0.0,0.0,0.03,0.0,5.0,0.13,540.0,1.0,5,632.04,7.0,0.0,0.0,0.0,0.0,0.0,0.0,0.0,16.0,,-,0.0,1.0,🟢  Plat/Sprint,0
2022-08-26,2022,tour-of-konya,stage,2.0,Turkey,0,2.2,,,0.0,,,,,,,0.0,0.0,0.0,0.0,0.0,2.0,152.28,145.0,5.54,0.0,0.0,0.0,121.0,3.06,24.7,1.03,2.57,0.0,2.57,0.0,0.0,1985.0,1979.0,372.0,24.0,5.0,2.0,1.0,0.0,0.0,0.7677,0.7677,0.7677,0.0,0.0,0.1,0.07,-0.02,32.0,0.08,617.0,1.0,6,737.53,7.0,0.0,0.0,0.0,0.0,0.0,0.0,0.0,16.0,,-,0.0,2.0,⛰️  Moy. montagne,0
2022-08-26,2022,tour-of-konya,stage,2.0,Konya Büyükşehir,1,2.2,FIN,33.0,0.0,46.0,0.0,,,,,0.0,0.0,0.0,0.0,0.0,2.0,152.28,145.0,5.54,0.0,0.0,0.0,121.0,3.06,24.7,1.03,2.57,0.0,2.57,0.0,0.0,1985.0,1979.0,372.0,24.0,5.0,2.0,1.0,0.0,0.0,0.7677,0.7677,0.7677,0.0,0.0,0.1,0.07,-0.02,32.0,0.08,617.0,1.0,6,737.53,7.0,0.0,0.0,0.0,0.0,0.0,0.0,0.0,16.0,,-,0.0,2.0,⛰️  Moy. montagne,0
2022-08-27,2022,tour-of-konya,stage,3.0,Turkey,0,2.2,,,0.0,,,,,,,0.0,0.0,0.0,0.0,0.0,3.0,112.37,110.0,1.72,0.0,0.0,0.0,62.4,0.494,47.2,1.23,1.13,0.0,1.13,0.0,0.0,1331.0,918.0,695.0,23.0,2.0,0.0,0.0,1.0,0.0,0.9751,0.886,0.886,0.886,0.0,1.0,0.93,0.9,128.0,0.08,141.0,1.0,7,889.81,7.0,0.0,0.0,0.0,0.0,0.0,0.0,0.0,16.0,,-,0.0,1.0,🟢  Plat/Sprint,0
2022-08-27,2022,tour-of-konya,stage,3.0,Konya Büyükşehir,1,2.2,FIN,32.0,0.0,46.0,0.0,,,,,0.0,0.0,0.0,0.0,0.0,3.0,112.37,110.0,1.72,0.0,0.0,0.0,62.4,0.494,47.2,1.23,1.13,0.0,1.13,0.0,0.0,1331.0,918.0,695.0,23.0,2.0,0.0,0.0,1.0,0.0,0.9751,0.886,0.886,0.886,0.0,1.0,0.93,0.9,128.0,0.08,141.0,1.0,7,889.81,7.0,0.0,0.0,0.0,0.0,0.0,0.0,0.0,16.0,,-,0.6,1.0,🟢  Plat/Sprint,0
2022-08-28,2022,tour-of-konya,stage,4.0,Konya Büyükşehir,1,2.2,FIN,35.0,0.0,46.0,0.0,,,,,0.0,0.0,0.0,0.0,0.0,4.0,154.63,151.0,3.34,0.0,0.0,0.0,89.8,0.482,63.3,0.398,0.987,0.0,0.722,0.0,0.0,1090.0,1085.0,170.0,2.0,5.0,0.0,0.0,0.0,0.0,0.7385,0.0,0.0,0.0,0.0,0.0,0.07,0.02,15.0,-0.04,359.0,1.0,8,1002.18,7.0,0.0,0.0,0.0,0.0,0.0,0.0,0.0,16.0,,? km solo,0.6,1.0,🟢  Plat/Sprint,0
2022-08-28,2022,tour-of-konya,stage,4.0,Turkey,0,2.2,,,0.0,,,,,,,0.0,0.0,0.0,0.0,0.0,4.0,154.63,151.0,3.34,0.0,0.0,0.0,89.8,0.482,63.3,0.398,0.987,0.0,0.722,0.0,0.0,1090.0,1085.0,170.0,2.0,5.0,0.0,0.0,0.0,0.0,0.7385,0.0,0.0,0.0,0.0,0.0,0.07,0.02,15.0,-0.04,359.0,1.0,8,1002.18,7.0,0.0,0.0,0.0,0.0,0.0,0.0,0.0,16.0,,? km solo,0.0,1.0,🟢  Plat/Sprint,0
2022-09-25,2022,world-championship,result,,Turkey,0,WC,,,0.0,,,,,,,0.0,0.0,0.0,0.0,0.0,,266.9,59.1,104.0,0.0,0.0,0.0,121.0,32.5,11.9,3.57,0.0,0.0,7.71,2.61,0.0,3865.32,3885.72,125.0,4.0,15.69,0.0,0.0,0.0,0.0,0.9617,0.0,0.0,0.0,0.0,-0.8,0.2,0.02,459.0,-0.03,1140.92,1.0,3,419.28,600.0,0.0,0.0,0.0,0.0,0.0,0.0,0.0,1052.0,,25.8 km solo,0.0,2.0,⛰️  Moy. montagne,0
2023-01-28,2023,grand-prix-aspendos,result,,Konya Büyükşehir Belediye Spor,1,1.2,FIN,35.0,0.0,,,,,,,30.0,30.0,0.0,0.0,0.0,,141.66,137.0,4.97,0.0,0.0,0.0,132.0,0.182,9.26,0.0,0.0,0.0,0.0,0.0,0.0,633.0,634.0,210.0,-4.0,1.0,1.0,0.0,0.0,0.0,0.511,0.2094,0.0,0.0,0.0,0.2,0.1,0.14,63.0,-0.02,364.0,1.0,0,0.0,40.0,0.0,0.0,0.0,0.0,0.0,0.0,0.0,2.0,17.0,Sprint of small group,,1.0,🟢  Plat/Sprint,0
2023-02-04,2023,grand-prix-apollon-temple-me,result,,Konya Büyükşehir Belediye Spor,1,1.2,FIN,32.0,0.0,,,,,,,15.0,15.0,0.0,0.0,0.0,,127.75,126.0,0.0,1.12,0.0,0.0,29.7,0.646,97.2,0.0,0.419,0.0,0.686,0.0,0.0,480.0,469.0,40.0,0.0,0.0,0.0,0.0,0.0,0.0,0.0,0.0,0.0,0.0,0.0,-0.4,0.0,-0.2,146.0,0.0,180.0,1.0,1,141.66,40.0,0.0,0.0,0.0,0.0,0.0,0.0,0.0,17.0,12.0,-,30.0,1.0,🟢  Plat/Sprint,0
2023-03-04,2023,alanya-cup,result,,Konya Büyükşehir Belediye Spor,1,1.2,FIN,25.0,0.0,,,,,,,30.0,30.0,0.0,0.0,0.0,,141.5,137.0,1.71,1.93,0.0,0.0,36.6,1.51,103.0,0.0,0.0,0.0,0.231,0.0,0.0,1121.0,1129.0,254.0,0.0,1.0,2.0,0.0,0.0,0.0,0.6907,0.6907,0.0,0.0,0.0,0.1,-0.13,0.0,60.0,0.1,412.0,1.0,1,127.75,40.0,0.0,0.0,0.0,0.0,0.0,0.0,0.0,8.0,,-,22.5,1.0,🟢  Plat/Sprint,0
2023-03-26,2023,syedra-ancient-city,result,,Konya Büyükşehir Belediye Spor,1,1.2,FIN,21.0,0.0,,,,,,,15.0,15.0,0.0,0.0,0.0,,149.01,147.0,0.0,1.93,0.0,0.0,65.8,0.771,82.9,0.0,0.0,0.0,0.0,0.0,0.0,1939.0,1638.0,310.0,0.0,0.0,5.0,0.0,0.0,0.0,0.9994,0.9994,0.0,0.0,0.0,12.1,10.13,6.18,571.0,0.13,435.0,1.0,1,141.5,40.0,0.0,0.0,0.0,0.0,0.0,0.0,0.0,7.0,18.0,? km solo,,3.0,🏔️  Haute montagne,0
2023-05-17,2023,tour-of-konya,stage,1.0,Konya Büyükşehir Belediye Spor,1,2.2,FIN,40.0,0.0,67.0,0.0,,,,,0.0,0.0,0.0,0.0,0.0,1.0,,,,,,,,,,,,,,,,,,,,0.0,0.0,0.0,0.0,0.0,,,,,,,,,,,,1.0,0,0.0,,,,,,,,,13.0,,Time trial,,,,0
2023-05-18,2023,tour-of-konya,stage,2.0,Konya Büyükşehir Belediye Spor,1,2.2,FIN,67.0,0.0,67.0,0.0,,,,,0.0,0.0,0.0,0.0,0.0,2.0,,,,,,,,,,,,,,,,,,,,0.0,0.0,0.0,0.0,0.0,,,,,,,,,,,,1.0,1,0.0,,,,,,,,,13.0,,-,,,,0
2023-05-19,2023,tour-of-konya,stage,3.0,Konya Büyükşehir Belediye Spor,1,2.2,FIN,69.0,0.0,67.0,0.0,,,,,0.0,0.0,0.0,0.0,0.0,3.0,,,,,,,,,,,,,,,,,,,,0.0,0.0,0.0,0.0,0.0,,,,,,,,,,,,1.0,2,0.0,,,,,,,,,13.0,,-,,,,0
2023-05-20,2023,tour-of-konya,stage,4.0,Konya Büyükşehir Belediye Spor,1,2.2,FIN,62.0,0.0,67.0,0.0,,,,,0.0,0.0,0.0,0.0,0.0,4.0,,,,,,,,,,,,,,,,,,,,0.0,0.0,0.0,0.0,0.0,,,,,,,,,,,,1.0,3,0.0,,,,,,,,,13.0,,-,,,,0
2023-06-10,2023,kirikkale-road-race,stage,1.0,Konya Büyükşehir Belediye Spor,1,2.2,FIN,27.0,0.0,26.0,0.0,,,,,3.0,34.0,30.0,0.0,0.0,1.0,141.69,117.0,0.125,0.0,24.4,0.0,66.6,0.125,74.4,0.0,0.761,0.0,0.761,0.0,0.0,1952.0,1953.0,1191.0,678.0,2.0,2.0,1.0,0.0,0.0,0.8364,0.8364,0.3729,0.0,0.0,-0.6,-0.33,-0.44,13.0,0.87,860.0,1.0,4,0.0,7.0,0.0,0.0,0.0,0.0,0.0,0.0,0.0,4.0,,Sprint of small group,,2.0,⛰️  Moy. montagne,0
2023-06-11,2023,kirikkale-road-race,stage,2.0,Konya Büyükşehir Belediye Spor,1,2.2,FIN,24.0,0.0,26.0,0.0,,,,,1.0,34.0,30.0,0.0,0.0,2.0,160.96,142.0,0.968,0.0,18.1,0.0,114.0,0.968,46.7,0.0,0.0,0.0,0.0,0.0,0.0,1823.0,1839.0,1257.0,679.0,0.0,2.0,1.0,0.0,0.0,0.6312,0.6312,0.1846,0.0,0.0,-0.4,-0.3,-0.38,28.0,0.31,737.0,1.0,5,141.69,7.0,0.0,0.0,0.0,0.0,0.0,0.0,0.0,4.0,,-,3.0,2.0,⛰️  Moy. montagne,0
2023-06-23,2023,nc-turkey,result,,Konya Büyükşehir Belediye Spor,1,NC,FIN,20.0,0.0,,,,,,,108.0,108.0,0.0,0.0,0.0,,,,,,,,,,,,,,,,,,,,,0.0,0.0,0.0,0.0,0.0,,,,,,,,,,,,1.0,2,302.65,,,,,,,,,2.0,,-,,,,0
2023-06-24,2023,nc-turkey-itt,result,,Konya Büyükşehir Belediye Spor,0,NC,,,0.0,,,,,,,34.0,34.0,0.0,0.0,0.0,,,,,,,,,,,,,,,,,,,,,0.0,0.0,0.0,0.0,0.0,,,,,,,,,,,,1.0,3,302.65,,,,,,,,,2.0,,Time trial,,,,0
2023-07-08,2023,grand-prix-erciyes-mimar-sinan-me,result,,Konya Büyükşehir Belediye Spor,1,1.2,DSQ,,0.0,,,,,,,33.0,33.0,0.0,0.0,0.0,,,,,,,,,,,,,,,,,,,,,0.0,0.0,0.0,0.0,0.0,,,,,,,,,,,,1.0,3,302.65,,,,,,,,,5.0,,2.5 km solo,,,,0
2023-07-30,2023,grand-prix-altinkale,result,,Konya Büyükşehir Belediye Spor,1,1.2,FIN,30.0,0.0,,,,,,,5.0,5.0,0.0,0.0,0.0,,,,,,,,,,,,,,,,,,,,,0.0,0.0,0.0,0.0,0.0,,,,,,,,,,,,1.0,1,0.0,,,,,,,,,15.0,,-,,,,0
2023-08-01,2023,100th-anniversary-tour-of-the-republic,stage,1.0,Konya Büyükşehir Belediye Spor,1,2.2,FIN,29.0,0.0,37.0,0.0,,,,,0.0,41.0,40.0,0.0,0.0,1.0,205.26,205.0,0.0,0.0,0.0,0.0,118.0,0.404,86.8,0.0,0.0,0.0,0.0,0.0,0.0,2098.0,2966.0,1681.0,401.0,1.0,1.0,1.0,1.0,0.0,0.7279,0.7279,0.7279,0.7279,0.0,0.3,0.07,0.04,63.0,0.23,475.0,1.0,2,0.0,7.0,0.0,0.0,0.0,0.0,0.0,0.0,0.0,11.0,,Sprint à deux,2.0,2.0,⛰️  Moy. montagne,0
2023-08-02,2023,100th-anniversary-tour-of-the-republic,stage,2.0,Konya Büyükşehir Belediye Spor,1,2.2,FIN,53.0,0.0,37.0,0.0,,,,,0.0,41.0,40.0,0.0,0.0,2.0,85.85,85.9,0.0,0.0,0.0,0.0,37.0,0.0,48.9,0.0,0.0,0.0,0.0,0.0,0.0,1197.0,942.0,1005.0,398.0,2.0,0.0,1.0,0.0,0.0,0.8106,0.708,0.708,0.0,0.0,0.7,-0.4,0.12,157.0,1.03,817.0,1.0,3,205.26,7.0,0.0,0.0,0.0,0.0,0.0,0.0,0.0,11.0,,-,25.0,1.0,🟢  Plat/Sprint,0
2023-08-03,2023,100th-anniversary-tour-of-the-republic,stage,3.0,Konya Büyükşehir Belediye Spor,1,2.2,FIN,48.0,0.0,37.0,0.0,,,,,0.0,41.0,40.0,0.0,0.0,3.0,134.98,134.0,0.0,0.0,0.0,0.0,80.8,0.0,53.5,0.0,0.797,0.0,0.537,0.0,0.0,1795.0,2431.0,1005.0,4.0,3.0,0.0,2.0,0.0,0.0,0.9332,0.4322,0.4322,0.0,0.0,0.0,-1.03,-1.0,175.0,-0.1,710.0,1.0,4,291.11,7.0,0.0,0.0,0.0,0.0,0.0,0.0,0.0,11.0,,Sprint of 7 riders,1.3333333333333333,2.0,⛰️  Moy. montagne,0
2023-08-04,2023,100th-anniversary-tour-of-the-republic,stage,4.0,Konya Büyükşehir Belediye Spor,1,2.2,FIN,39.0,0.0,37.0,0.0,,,,,1.0,41.0,40.0,0.0,0.0,4.0,169.95,170.0,0.0,0.0,0.0,0.0,9.81,0.0,160.0,0.0,0.366,0.0,0.0,0.0,0.0,2490.0,1678.0,1205.0,35.0,1.0,2.0,1.0,0.0,1.0,0.9244,0.9244,0.9244,0.9244,0.9244,-2.7,-2.93,-3.38,341.0,1.19,1038.0,1.0,5,426.09,7.0,0.0,0.0,0.0,0.0,0.0,0.0,0.0,11.0,,-,1.0,2.0,⛰️  Moy. montagne,0
2023-08-05,2023,100th-anniversary-tour-of-the-republic,stage,5.0,Konya Büyükşehir Belediye Spor,1,2.2,FIN,36.0,0.0,37.0,0.0,,,,,0.0,41.0,40.0,0.0,0.0,5.0,167.81,167.0,0.105,0.0,0.0,0.0,151.0,0.0,16.2,0.0,0.995,0.0,0.995,0.105,0.0,2307.0,2189.0,1396.0,695.0,2.0,2.0,1.0,1.0,0.0,0.8463,0.8463,0.7014,0.7014,0.0,0.0,0.17,0.22,20.0,0.42,858.0,1.0,6,596.04,7.0,0.0,0.0,0.0,0.0,0.0,0.0,0.0,11.0,,-,1.0,2.0,⛰️  Moy. montagne,0
2023-08-19,2023,grand-prix-kaisareiame,result,,Konya Büyükşehir Belediye Spor,0,1.2,,,0.0,,,,,,,13.0,13.0,0.0,0.0,0.0,,132.55,132.0,0.0,0.0,0.0,0.0,30.7,0.517,101.0,0.0,0.0,0.0,0.0,0.0,0.0,1579.0,448.0,2216.0,1027.0,1.0,0.0,0.0,0.0,1.0,0.982,0.982,0.982,0.982,0.982,-2.9,-0.83,1.12,695.0,-0.03,242.0,1.0,6,763.8499999999999,40.0,0.0,0.0,0.0,0.0,0.0,0.0,0.0,16.0,,-,18.75,1.0,🟢  Plat/Sprint,0
2023-08-26,2023,tour-of-yigido,stage,1.0,Konya Büyükşehir Belediye Spor,1,2.2,FIN,37.0,0.0,,,,,,,0.0,13.0,13.0,0.0,0.0,1.0,144.54,143.0,1.34,0.0,0.0,0.0,140.0,0.796,4.21,0.0,0.0,0.0,0.0,0.0,0.0,1871.0,1795.0,1696.0,1266.0,7.0,1.0,1.0,0.0,0.0,0.9929,0.5592,0.5592,0.0,0.0,-1.0,1.5,1.84,137.0,0.16,706.0,1.0,6,763.8499999999999,7.0,0.0,0.0,0.0,0.0,0.0,0.0,0.0,11.0,21.0,-,0.4,2.0,⛰️  Moy. montagne,0
2023-08-27,2023,tour-of-yigido,stage,2.0,Konya Büyükşehir Belediye Spor,1,2.2,DNF,,0.0,,,,,,,0.0,13.0,13.0,0.0,0.0,2.0,169.66,168.0,0.0,0.0,0.0,0.0,6.64,0.0,161.0,0.0,2.08,0.0,1.77,0.0,0.0,1825.0,1996.0,1934.0,1083.0,2.0,0.0,1.0,1.0,0.0,0.7906,0.7906,0.7906,0.7906,0.0,2.3,0.9,0.4,46.0,0.49,400.0,1.0,7,908.39,7.0,0.0,0.0,0.0,0.0,0.0,0.0,0.0,11.0,24.0,-,0.2,2.0,⛰️  Moy. montagne,0
2023-09-07,2023,tour-of-van,stage,1.0,Konya Büyükşehir Belediye Spor,1,2.2,FIN,18.0,0.0,29.0,0.0,,,,,3.0,16.0,13.0,0.0,0.0,1.0,132.56,133.0,0.0,0.0,0.0,0.0,0.322,0.0,132.0,0.0,0.0,0.0,0.0,0.0,0.0,1093.0,1127.0,2006.0,1646.0,1.0,1.0,1.0,0.0,0.0,0.8843,0.8843,0.473,0.0,0.0,0.0,-2.33,-1.72,229.0,-0.04,202.0,1.0,2,314.2,7.0,0.0,0.0,0.0,0.0,0.0,0.0,0.0,9.0,25.0,-,17.6,1.0,🟢  Plat/Sprint,0
2023-09-08,2023,tour-of-van,stage,2.0,Konya Büyükşehir Belediye Spor,1,2.2,FIN,43.0,0.0,29.0,0.0,,,,,0.0,16.0,13.0,0.0,0.0,2.0,92.99,89.6,0.0,0.0,0.0,0.0,52.9,0.0,36.7,0.0,3.44,0.0,3.01,0.0,0.0,1233.0,1322.0,2324.0,1572.0,0.0,1.0,0.0,1.0,0.0,0.6765,0.6765,0.4942,0.4942,0.0,-0.1,-0.17,-0.36,6.0,0.97,718.0,1.0,3,446.76,7.0,0.0,0.0,0.0,0.0,0.0,0.0,0.0,9.0,24.0,-,0.2,2.0,⛰️  Moy. montagne,0
2023-09-09,2023,tour-of-van,stage,3.0,Konya Büyükşehir Belediye Spor,1,2.2,FIN,26.0,0.0,29.0,0.0,,,,,0.0,16.0,13.0,0.0,0.0,3.0,119.07,119.0,0.182,0.0,0.0,0.0,60.6,0.182,58.4,0.0,0.0,0.0,0.0,0.0,0.0,1116.0,1008.0,2254.0,1572.0,1.0,0.0,0.0,1.0,0.0,0.71,0.4148,0.4148,0.4148,0.0,-0.1,0.13,0.52,180.0,0.62,753.0,0.0,4,539.75,7.0,0.0,0.0,0.0,0.0,0.0,0.0,0.0,9.0,22.0,-,0.2,2.0,⛰️  Moy. montagne,0
2023-09-10,2023,tour-of-van,stage,4.0,Konya Büyükşehir Belediye Spor,1,2.2,FIN,15.0,0.0,29.0,0.0,,,,,0.0,16.0,13.0,0.0,0.0,4.0,124.36,113.0,8.35,0.0,1.01,0.0,46.5,8.35,66.4,0.0,2.34,0.0,2.08,1.01,0.0,1137.0,1125.0,1767.0,1647.0,3.0,0.0,0.0,0.0,0.0,0.7611,0.0,0.0,0.0,0.0,-1.1,-0.73,-0.2,92.0,0.19,449.0,0.0,5,658.8199999999999,7.0,0.0,0.0,0.0,0.0,0.0,0.0,0.0,9.0,21.0,-,12.2,1.0,🟢  Plat/Sprint,0
2023-09-28,2023,tour-of-istanbul,stage,1.0,Konya Büyükşehir Belediye Spor,1,2.2,FIN,102.0,0.0,,,,,,,0.0,0.0,0.0,0.0,0.0,1.0,176.65,168.0,8.54,0.0,0.0,0.0,153.0,0.491,22.7,0.162,0.194,0.0,0.235,0.0,0.0,2136.0,2152.0,236.0,10.0,3.0,5.0,0.0,0.0,0.0,0.9613,0.9218,0.0,0.0,0.0,4.2,0.87,-0.28,185.0,0.01,617.0,0.0,4,468.98,7.0,0.0,0.0,0.0,0.0,0.0,0.0,0.0,24.0,22.0,-,0.0,2.0,⛰️  Moy. montagne,0
2023-09-29,2023,tour-of-istanbul,stage,2.0,Konya Büyükşehir Belediye Spor,1,2.2,DNF,,0.0,,,,,,,0.0,0.0,0.0,0.0,0.0,2.0,134.8,129.0,4.54,0.0,0.129,0.0,103.0,3.36,27.8,0.0,0.961,0.0,1.25,0.129,0.0,2304.0,2310.0,283.0,0.0,6.0,3.0,0.0,0.0,0.0,0.96,0.8682,0.0,0.0,0.0,-3.2,-1.53,-1.68,141.0,0.47,780.0,0.0,5,645.63,7.0,0.0,0.0,0.0,0.0,0.0,0.0,0.0,24.0,21.0,-,0.0,2.0,⛰️  Moy. montagne,0
2023-09-30,2023,tour-of-istanbul,stage,3.0,Konya Büyükşehir Belediye Spor,0,2.2,,,0.0,,,,,,,0.0,0.0,0.0,0.0,0.0,3.0,132.1,131.0,0.685,0.0,0.539,0.0,93.5,0.0,38.0,0.0,0.0,0.0,0.0,0.539,0.0,2025.0,2027.0,266.0,-1.0,4.0,5.0,0.0,0.0,0.0,0.9297,0.9297,0.0,0.0,0.0,0.1,-1.37,-0.62,45.0,0.08,777.0,0.0,6,780.4300000000001,7.0,0.0,0.0,0.0,0.0,0.0,0.0,0.0,24.0,23.0,-,0.0,2.0,⛰️  Moy. montagne,0
2023-10-01,2023,tour-of-istanbul,stage,4.0,Konya Büyükşehir Belediye Spor,0,2.2,,,0.0,,,,,,,0.0,0.0,0.0,0.0,0.0,4.0,92.7,81.3,1.46,0.194,0.0,0.0,0.883,1.24,80.4,0.0,9.87,0.189,10.0,0.294,0.0,446.0,446.0,112.0,-5.0,1.0,0.0,0.0,0.0,0.0,0.2624,0.0,0.0,0.0,0.0,-0.5,-0.23,-0.38,45.0,0.01,302.0,0.0,6,780.4300000000001,7.0,0.0,0.0,0.0,0.0,0.0,0.0,0.0,24.0,19.0,Sprint of large group,9.2,1.0,🟢  Plat/Sprint,0
2023-10-08,2023,tour-of-turkey,stage,1.0,Konya Büyükşehir Belediye Spor,1,2.1,FIN,151.0,0.0,,,,,,,0.0,-50.0,0.0,0.0,0.0,1.0,134.07,133.0,0.489,0.229,0.0,0.0,10.2,0.508,123.0,0.0,0.0,0.0,0.273,0.293,0.0,482.0,452.0,57.0,1.0,0.0,0.0,0.0,0.0,0.0,0.0,0.0,0.0,0.0,0.0,0.5,-0.3,-0.26,76.0,-0.02,206.0,1.0,5,647.8700000000001,14.0,0.0,0.0,0.0,0.0,0.0,0.0,0.0,160.0,,Sprint of large group,3.2,1.0,🟢  Plat/Sprint,0
2023-10-09,2023,tour-of-turkey,stage,2.0,Konya Büyükşehir Belediye Spor,1,2.1,FIN,152.0,0.0,,,,,,,0.0,-50.0,0.0,0.0,0.0,2.0,166.41,166.0,0.342,0.0,0.0,0.0,0.0,0.328,165.0,1.13,0.0,0.0,0.0,0.0,0.0,2627.0,2548.0,653.0,0.0,2.0,0.0,1.0,1.0,0.0,0.9997,0.6172,0.6172,0.6172,0.0,5.1,0.17,1.08,209.0,-0.06,799.0,1.0,5,688.95,14.0,0.0,0.0,0.0,0.0,0.0,0.0,0.0,160.0,,Sprint of large group,0.0,2.0,⛰️  Moy. montagne,0
2023-10-10,2023,tour-of-turkey,stage,3.0,Konya Büyükşehir Belediye Spor,1,2.1,DSQ,,-50.0,,,,,,,-50.0,-50.0,0.0,0.0,0.0,3.0,103.98,86.0,0.83,16.1,0.13,0.0,61.2,0.518,41.3,0.0,1.92,0.0,1.92,0.13,0.0,3470.0,1570.0,1929.0,17.0,1.0,0.0,0.0,0.0,2.0,0.9997,0.9997,0.9997,0.9997,0.9997,14.8,11.53,9.9,397.0,0.35,474.0,1.0,5,736.29,14.0,10.318,0.0,10.318,0.0,9.123,0.0,0.0,160.0,,0.3 km solo,15.0,3.0,🏔️  Haute montagne,0
2023-10-11,2023,tour-of-turkey,stage,4.0,Konya Büyükşehir Belediye Spor,0,2.1,,,0.0,,,,,,,0.0,-50.0,0.0,0.0,0.0,4.0,165.37,162.0,0.0,2.4,0.0,0.0,40.8,0.171,115.0,8.49,0.853,0.0,0.764,0.0,0.0,1997.0,1998.0,342.0,0.0,6.0,2.0,1.0,0.0,0.0,0.9041,0.9041,0.2471,0.0,0.0,-0.1,-0.17,-0.04,16.0,0.02,841.0,1.0,5,715.9100000000001,14.0,1.358,0.0,1.358,0.0,1.358,0.0,0.0,160.0,,Sprint of large group,0.0,2.0,⛰️  Moy. montagne,0
2023-10-12,2023,tour-of-turkey,stage,5.0,Konya Büyükşehir Belediye Spor,0,2.1,,,0.0,,,,,,,0.0,-50.0,0.0,0.0,0.0,5.0,180.6,180.0,0.581,0.248,0.0,0.0,27.6,0.0,153.0,0.0,0.0,0.0,0.0,0.0,0.0,2852.0,2861.0,770.0,0.0,5.0,1.0,1.0,1.0,0.0,0.9401,0.5701,0.5701,0.3367,0.0,-1.4,-1.23,-1.16,178.0,1.22,1315.0,1.0,5,715.9100000000001,14.0,0.0,0.0,0.0,0.0,0.0,0.0,0.0,160.0,,Sprint of large group,0.0,2.0,⛰️  Moy. montagne,0
2023-10-13,2023,tour-of-turkey,stage,6.0,Konya Büyükşehir Belediye Spor,0,2.1,,,0.0,,,,,,,0.0,-50.0,0.0,0.0,0.0,6.0,192.58,192.0,0.233,0.0,0.224,0.0,28.3,1.07,163.0,0.0,0.0,0.0,0.288,0.301,0.0,2211.0,1875.0,426.0,0.0,3.0,2.0,2.0,0.0,0.0,0.9994,0.9994,0.9994,0.0,0.0,8.5,8.53,7.6,401.0,-0.13,433.0,1.0,5,715.9100000000001,14.0,0.0,0.0,0.0,0.0,0.0,0.0,0.0,160.0,,Sprint of small group,-17.5,3.0,🏔️  Haute montagne,0
2023-10-14,2023,tour-of-turkey,stage,7.0,Konya Büyükşehir Belediye Spor,0,2.1,,,0.0,,,,,,,0.0,-50.0,0.0,0.0,0.0,7.0,159.57,158.0,0.647,0.0,0.0,0.0,17.7,0.647,140.0,0.179,1.66,0.0,1.33,0.0,0.0,1369.0,1383.0,572.0,0.0,1.0,0.0,2.0,0.0,0.0,0.6939,0.6939,0.6939,0.0,0.0,0.0,0.0,-0.12,19.0,0.54,337.0,1.0,5,715.9100000000001,14.0,0.0,0.0,0.0,0.0,0.0,0.0,0.0,160.0,,25.2 km solo,0.0,2.0,⛰️  Moy. montagne,0
2023-10-15,2023,tour-of-turkey,stage,8.0,Konya Büyükşehir Belediye Spor,0,2.1,,,0.0,,,,,,,0.0,-50.0,0.0,0.0,0.0,8.0,128.91,119.0,0.816,0.739,0.0,0.0,30.1,0.704,85.8,3.4,7.76,0.165,8.1,0.839,0.0,1341.0,1309.0,221.0,-5.0,0.0,2.0,0.0,0.0,0.0,0.4593,0.4593,0.0,0.0,0.0,0.6,1.1,0.72,81.0,0.14,641.0,1.0,5,715.9100000000001,14.0,0.739,0.0,0.739,0.0,0.739,0.0,0.0,160.0,,Sprint of large group,3.2,1.0,🟢  Plat/Sprint,0
