date,year,course,type,etape,equipe,selected,classification,statut,rang,pts_uci,rang_gc_final,pts_uci_gc_final,rang_kom_final,pts_uci_kom_final,rang_points_final,pts_uci_points_final,pts_uci_equipe_stage,pts_uci_equipe_total,pts_uci_gc,pts_uci_kom,pts_uci_points,stage_num,distance_gpx_km,asphalt_km,paved_km,cobblestones_km,unpaved_km,compacted_gravel_km,road_km,street_km,state_road_km,cycleway_km,off-grid_(unknown)_km,access_road_km,unknown_km,path_km,singletrack_km,denivele_pos,denivele_neg,altitude_max,altitude_min,n_cols_cat4,n_cols_cat3,n_cols_cat2,n_cols_cat1,n_cols_hc,loc_last_col_cat4,loc_last_col_cat3,loc_last_col_cat2,loc_last_col_cat1,loc_last_col_hc,gradient_last_1km,gradient_last_3km,gradient_last_5km,denivele_last_5km,gradient_first_50km,denivele_first_50km,leader_played,n_races_30d,km_30d,max_pts,cobblestones_last_50km,compacted_gravel_last_50km,cobblestones_last_20km,compacted_gravel_last_20km,cobblestones_last_10km,compacted_gravel_last_10km,pts_ratio,startlist_quality,avg_temperature,won_how,forme_equipe,stage_cluster,stage_cluster_label,is_team_leader
2022-02-02,2022,vuelta-a-la-comunidad-valenciana,stage,1.0,Astana Qazaqstan Team,0,2.Pro,,,0.0,,,,,,,0.0,43.0,43.0,0.0,0.0,1.0,167.6,166.0,1.43,0.0,0.0,0.0,137.0,1.62,26.5,2.55,0.0,0.0,0.0,0.0,0.0,3128.0,2439.0,983.0,36.0,2.0,3.0,1.0,0.0,1.0,0.9939,0.9939,0.9939,0.5033,0.5033,-0.5,0.2,2.16,47.0,0.24,620.0,0,0,0.0,20.0,0.0,0.0,0.0,0.0,0.0,0.0,0.0,606.0,,4.6 km solo,,2.0,⛰️  Moy. montagne,0
2022-02-03,2022,vuelta-a-la-comunidad-valenciana,stage,2.0,Astana Qazaqstan Team,0,2.Pro,,,0.0,,,,,,,0.0,43.0,43.0,0.0,0.0,2.0,171.7,157.0,14.6,0.0,0.0,0.0,159.0,2.37,7.87,1.93,0.0,0.0,0.2,0.0,0.0,2330.0,2338.0,590.0,60.0,4.0,3.0,1.0,0.0,0.0,0.9186,0.7393,0.6401,0.0,0.0,2.4,0.8,0.42,51.0,0.3,525.0,0,0,0.0,20.0,0.0,0.0,0.0,0.0,0.0,0.0,0.0,606.0,,Sprint of large group,0.0,2.0,⛰️  Moy. montagne,0
2022-02-04,2022,vuelta-a-la-comunidad-valenciana,stage,3.0,Astana Qazaqstan Team,0,2.Pro,,,0.0,,,,,,,0.0,43.0,43.0,0.0,0.0,3.0,154.98,150.0,3.56,0.0,1.72,0.0,107.0,0.0,43.6,2.38,0.0,0.0,0.0,1.72,0.0,3586.0,2444.0,1184.0,16.0,2.0,3.0,1.0,0.0,1.0,0.9998,0.9998,0.9998,0.9998,0.9998,13.4,10.13,10.28,367.0,0.26,642.0,0,0,0.0,20.0,0.0,0.0,0.0,0.0,0.0,0.0,0.0,606.0,,1 km solo,,3.0,🏔️  Haute montagne,0
2022-02-05,2022,vuelta-a-la-comunidad-valenciana,stage,4.0,Astana Qazaqstan Team,0,2.Pro,,,0.0,,,,,,,0.0,43.0,43.0,0.0,0.0,4.0,192.66,185.0,2.01,0.0,0.803,0.0,107.0,1.76,76.6,1.33,4.93,0.0,4.93,0.248,0.555,1217.0,1233.0,425.0,-1.0,0.0,0.0,1.0,0.0,0.0,0.4626,0.4626,0.4626,0.0,0.0,-0.2,-0.43,-0.04,90.0,0.16,229.0,0,0,0.0,20.0,0.0,0.0,0.0,0.0,0.0,0.0,0.0,606.0,,Sprint of large group,,1.0,🟢  Plat/Sprint,0
2022-02-06,2022,vuelta-a-la-comunidad-valenciana,stage,5.0,Astana Qazaqstan Team,0,2.Pro,,,0.0,,,,,,,0.0,43.0,43.0,0.0,0.0,5.0,91.84,89.2,0.89,0.0,0.219,0.0,68.0,1.2,14.3,6.34,1.6,0.0,1.6,0.484,0.0,667.0,683.0,300.0,23.0,1.0,1.0,0.0,0.0,0.0,0.7223,0.7223,0.0,0.0,0.0,-0.3,-0.47,-0.56,29.0,0.2,369.0,0,0,0.0,20.0,0.0,0.0,0.0,0.0,0.0,0.0,0.0,606.0,,Sprint of large group,0.0,1.0,🟢  Plat/Sprint,0
2022-02-10,2022,tour-of-oman,stage,1.0,Astana Qazaqstan Development Team,1,2.Pro,FIN,42.0,0.0,37.0,3.0,,,,,0.0,6.0,6.0,0.0,0.0,1.0,139.22,136.0,0.34,0.0,0.0,0.0,40.0,0.63,95.9,0.0,3.03,0.0,3.32,0.0,0.0,684.0,966.0,495.0,14.0,0.0,2.0,0.0,0.0,0.0,0.5749,0.5749,0.0,0.0,0.0,3.0,0.9,0.24,46.0,-0.09,240.0,0,0,0.0,20.0,0.0,0.0,0.0,0.0,0.0,0.0,0.0,138.0,,Sprint of large group,,1.0,🟢  Plat/Sprint,0
2022-02-10,2022,tour-cycliste-international-la-provence,prologue,,Astana Qazaqstan Team,0,2.Pro,,,0.0,,,,,,,0.0,63.0,63.0,0.0,0.0,,7.23,6.32,0.25,0.0,0.0,0.0,5.94,0.149,0.0,0.383,0.38,0.0,0.584,0.212,0.0,14.0,14.0,6.0,0.0,0.0,0.0,0.0,0.0,0.0,0.0,0.0,0.0,0.0,0.0,0.0,0.0,-0.1,7.0,0.0,14.0,0,0,0.0,20.0,0.0,0.0,0.0,0.0,0.0,0.0,0.0,,,,,0.0,⏱️  CLM,0
2022-02-11,2022,tour-of-oman,stage,2.0,Astana Qazaqstan Development Team,1,2.Pro,FIN,66.0,0.0,37.0,3.0,,,,,0.0,6.0,6.0,0.0,0.0,2.0,167.49,164.0,1.98,0.0,0.0,0.0,38.9,1.99,125.0,0.0,1.39,0.0,1.39,0.0,0.0,171.0,178.0,15.0,0.0,0.0,0.0,0.0,0.0,0.0,0.0,0.0,0.0,0.0,0.0,-0.1,-0.1,-0.04,27.0,-0.01,34.0,0,1,139.22,20.0,0.0,0.0,0.0,0.0,0.0,0.0,0.0,138.0,,Sprint of large group,0.0,1.0,🟢  Plat/Sprint,0
2022-02-11,2022,tour-cycliste-international-la-provence,stage,1.0,Astana Qazaqstan Team,0,2.Pro,,,0.0,,,,,,,0.0,63.0,63.0,0.0,0.0,1.0,152.1,152.0,0.201,0.0,0.0,0.0,130.0,1.59,18.8,1.28,0.0,0.0,0.0,0.0,0.0,323.0,360.0,188.0,-2.0,0.0,1.0,0.0,0.0,0.0,0.2283,0.2283,0.0,0.0,0.0,0.1,0.03,0.02,9.0,-0.06,276.0,0,1,139.22,20.0,0.0,0.0,0.0,0.0,0.0,0.0,0.0,318.0,,Sprint of small group,0.0,1.0,🟢  Plat/Sprint,0
2022-02-12,2022,tour-of-oman,stage,3.0,Astana Qazaqstan Development Team,1,2.Pro,FIN,22.0,0.0,37.0,3.0,,,,,0.0,6.0,6.0,0.0,0.0,3.0,182.65,172.0,2.61,0.0,0.275,0.0,44.4,2.54,128.0,0.0,8.06,0.0,8.06,0.0,0.0,1860.0,1678.0,376.0,2.0,2.0,3.0,1.0,0.0,0.0,0.9996,0.9996,0.2935,0.0,0.0,5.8,6.7,4.2,261.0,0.09,508.0,0,2,306.71000000000004,20.0,0.0,0.0,0.0,0.0,0.0,0.0,0.0,138.0,,Sprint of small group,,2.0,⛰️  Moy. montagne,0
2022-02-12,2022,vuelta-ciclista-a-la-region-de-murcia,result,,Astana Qazaqstan Team,0,1.1,,,0.0,,,,,,,0.0,0.0,0.0,0.0,0.0,,185.55,170.0,8.03,0.506,0.44,0.0,80.1,5.14,92.4,1.07,6.14,0.0,6.43,0.44,0.258,2331.0,2472.0,1196.0,2.0,0.0,1.0,1.0,0.0,1.0,0.9025,0.9025,0.9025,0.5355,0.5355,0.1,-0.3,-0.3,19.0,-0.13,509.0,0,2,306.71000000000004,125.0,0.0,0.0,0.0,0.0,0.0,0.0,0.0,198.0,,5 km solo,0.0,2.0,⛰️  Moy. montagne,0
2022-02-12,2022,tour-cycliste-international-la-provence,stage,2.0,Astana Qazaqstan Team,0,2.Pro,,,0.0,,,,,,,0.0,63.0,63.0,0.0,0.0,2.0,181.13,180.0,0.0,0.0,0.0,0.0,146.0,1.76,27.7,4.96,0.856,0.0,0.767,0.0,0.0,2200.0,1785.0,695.0,0.0,4.0,2.0,0.0,1.0,0.0,0.9046,0.8303,0.8303,0.8303,0.0,4.1,2.17,0.26,104.0,0.21,409.0,0,2,306.71000000000004,20.0,0.0,0.0,0.0,0.0,0.0,0.0,0.0,318.0,,Sprint of small group,0.0,2.0,⛰️  Moy. montagne,0
2022-02-13,2022,tour-cycliste-international-la-provence,stage,3.0,Astana Qazaqstan Team,0,2.Pro,,,0.0,,,,,,,0.0,63.0,63.0,0.0,0.0,3.0,166.14,165.0,0.408,0.0,0.0,0.0,148.0,0.4,17.0,0.0,0.0,0.0,0.0,0.0,0.0,3223.0,2059.0,1567.0,403.0,5.0,1.0,2.0,0.0,1.0,0.9998,0.9998,0.9998,0.9998,0.9998,6.9,7.07,7.1,383.0,0.89,1047.0,0,3,489.36,20.0,0.0,0.0,0.0,0.0,0.0,0.0,0.0,318.0,,3.4 km solo,0.0,3.0,🏔️  Haute montagne,0
2022-02-13,2022,tour-of-oman,stage,4.0,Astana Qazaqstan Development Team,1,2.Pro,FIN,26.0,0.0,37.0,3.0,,,,,0.0,6.0,6.0,0.0,0.0,4.0,119.6,120.0,0.13,0.0,0.0,0.0,36.4,0.0,83.4,0.0,0.0,0.0,0.0,0.0,0.0,2138.0,2161.0,376.0,4.0,2.0,3.0,2.0,0.0,0.0,0.8428,0.8428,0.7605,0.0,0.0,-0.3,-0.07,-0.04,30.0,0.01,970.0,0,3,489.36,20.0,0.0,0.0,0.0,0.0,0.0,0.0,0.0,138.0,,12 km solo,0.0,2.0,⛰️  Moy. montagne,0
2022-02-13,2022,clasica-de-almeria,result,,Astana Qazaqstan Team,0,1.Pro,,,0.0,,,,,,,33.0,33.0,0.0,0.0,0.0,,187.77,166.0,7.97,0.0,1.32,0.0,156.0,2.48,15.8,0.204,12.7,0.0,12.7,0.372,0.0,1703.0,1747.0,526.0,-1.0,1.0,0.0,2.0,0.0,0.0,0.7577,0.5458,0.5458,0.0,0.0,0.3,-0.1,0.0,10.0,0.54,643.0,0,3,489.36,200.0,0.0,0.0,0.0,0.0,0.0,0.0,0.0,225.0,,Sprint of large group,0.0,2.0,⛰️  Moy. montagne,0
2022-02-14,2022,tour-of-oman,stage,5.0,Astana Qazaqstan Development Team,1,2.Pro,FIN,70.0,0.0,37.0,3.0,,,,,0.0,6.0,6.0,0.0,0.0,5.0,151.58,150.0,0.0,0.0,0.0,0.0,104.0,0.0,45.1,0.7,1.53,0.0,0.0,0.0,0.0,1961.0,1169.0,1217.0,425.0,2.0,2.0,0.0,1.0,0.0,0.9995,0.9995,0.9995,0.9995,0.0,12.5,10.33,9.86,624.0,0.62,613.0,0,4,608.96,20.0,0.0,0.0,0.0,0.0,0.0,0.0,0.0,138.0,,2 km solo,,3.0,🏔️  Haute montagne,0
2022-02-14,2022,clasica-jaen-paraiso-interior,result,,Astana Qazaqstan Team,0,1.1,,,0.0,,,,,,,128.0,128.0,0.0,0.0,0.0,,190.82,132.0,7.2,3.02,40.2,0.0,103.0,4.39,32.8,0.368,9.13,0.0,4.67,41.3,0.0,3094.0,3074.0,910.0,358.0,4.0,1.0,4.0,0.0,0.0,0.9994,0.9994,0.9994,0.0,0.0,7.4,6.37,6.12,328.0,-0.22,636.0,0,4,608.96,125.0,1.675,0.0,0.576,0.0,0.576,0.0,0.0,167.0,,25.1 km solo,0.0,3.0,🏔️  Haute montagne,0
2022-02-15,2022,tour-of-oman,stage,6.0,Astana Qazaqstan Development Team,1,2.Pro,FIN,41.0,0.0,37.0,3.0,,,,,0.0,6.0,6.0,0.0,0.0,6.0,135.04,89.0,12.7,0.0,0.0,0.0,44.2,0.0,57.3,0.0,33.4,0.2,33.4,0.0,0.0,1094.0,1091.0,213.0,2.0,1.0,2.0,0.0,0.0,0.0,0.6093,0.6093,0.0,0.0,0.0,0.0,-1.27,0.04,63.0,0.24,214.0,0,5,760.5400000000001,20.0,0.0,0.0,0.0,0.0,0.0,0.0,0.0,138.0,,Sprint of large group,0.0,1.0,🟢  Plat/Sprint,0
2022-02-16,2022,volta-ao-algarve,stage,1.0,Astana Qazaqstan Team,0,2.Pro,,,0.0,,,,,,,0.0,10.0,0.0,0.0,0.0,1.0,198.97,196.0,2.52,0.398,0.0,0.0,74.7,1.42,123.0,0.0,0.0,0.0,0.0,0.411,0.0,2119.0,2122.0,484.0,2.0,4.0,1.0,1.0,0.0,0.0,0.8144,0.6161,0.6161,0.0,0.0,-0.1,-0.47,-0.16,33.0,0.28,603.0,0,6,895.58,20.0,0.0,0.0,0.0,0.0,0.0,0.0,0.0,481.0,,Sprint of small group,6.6,2.0,⛰️  Moy. montagne,0
2022-02-16,2022,ruta-del-sol,stage,1.0,Astana Qazaqstan Team,0,2.Pro,,,0.0,,,,,,,0.0,210.0,190.0,0.0,0.0,1.0,200.46,197.0,3.78,0.0,0.0,0.0,183.0,0.715,16.5,0.0,0.0,0.0,0.0,0.0,0.0,3460.0,3369.0,1102.0,250.0,3.0,3.0,2.0,0.0,1.0,0.9999,0.9233,0.9233,0.1449,0.1449,7.9,0.1,-2.72,104.0,0.05,1167.0,0,6,895.58,20.0,0.0,0.0,0.0,0.0,0.0,0.0,0.0,421.0,,Sprint of small group,6.6,2.0,⛰️  Moy. montagne,0
2022-02-17,2022,volta-ao-algarve,stage,2.0,Astana Qazaqstan Team,0,2.Pro,,,0.0,,,,,,,10.0,10.0,0.0,0.0,0.0,2.0,182.14,176.0,5.61,0.0,0.0,0.0,89.1,0.139,92.4,0.0,0.399,0.0,0.399,0.0,0.0,3141.0,2295.0,888.0,15.0,1.0,3.0,1.0,0.0,1.0,0.9999,0.9999,0.9999,0.9999,0.9999,6.7,6.07,6.0,362.0,0.47,773.0,0,6,895.58,20.0,0.0,0.0,0.0,0.0,0.0,0.0,0.0,481.0,,Sprint of small group,34.5,3.0,🏔️  Haute montagne,0
2022-02-17,2022,ruta-del-sol,stage,2.0,Astana Qazaqstan Team,0,2.Pro,,,0.0,,,,,,,10.0,210.0,190.0,0.0,0.0,2.0,151.44,144.0,7.93,0.0,0.0,0.0,115.0,0.444,36.3,0.0,0.147,0.0,0.147,0.0,0.0,2986.0,2681.0,1051.0,421.0,4.0,2.0,4.0,0.0,0.0,0.9997,0.9997,0.9997,0.0,0.0,8.2,5.83,2.0,176.0,0.13,979.0,0,6,895.58,20.0,0.0,0.0,0.0,0.0,0.0,0.0,0.0,421.0,,0.5 km solo,42.666666666666664,3.0,🏔️  Haute montagne,0
2022-02-18,2022,volta-ao-algarve,stage,3.0,Astana Qazaqstan Team,0,2.Pro,,,0.0,,,,,,,0.0,10.0,0.0,0.0,0.0,3.0,209.01,197.0,12.1,0.0,0.0,0.0,113.0,0.725,94.8,0.57,0.0,0.0,0.0,0.0,0.0,2000.0,2270.0,313.0,2.0,4.0,1.0,0.0,0.0,0.0,0.8329,0.8329,0.0,0.0,0.0,1.5,0.37,0.1,18.0,-0.18,314.0,0,6,895.58,20.0,0.0,0.0,0.0,0.0,0.0,0.0,0.0,481.0,,Sprint of large group,6.6,2.0,⛰️  Moy. montagne,0
2022-02-18,2022,ruta-del-sol,stage,3.0,Astana Qazaqstan Team,0,2.Pro,,,0.0,,,,,,,0.0,210.0,190.0,0.0,0.0,3.0,153.35,151.0,2.28,0.0,0.0,0.0,148.0,2.28,2.85,0.0,0.0,0.0,0.0,0.0,0.0,2873.0,2597.0,1047.0,433.0,4.0,4.0,2.0,0.0,0.0,0.9499,0.8845,0.7752,0.0,0.0,2.1,2.03,0.66,61.0,0.74,1210.0,0,6,895.58,20.0,0.0,0.0,0.0,0.0,0.0,0.0,0.0,421.0,,1.1 km solo,6.6,2.0,⛰️  Moy. montagne,0
2022-02-19,2022,volta-ao-algarve,stage,4.0,Astana Qazaqstan Team,0,2.Pro,,,0.0,,,,,,,0.0,10.0,0.0,0.0,0.0,4.0,32.19,31.6,0.132,0.651,0.0,0.0,26.9,0.359,4.94,0.181,0.0,0.0,0.0,0.0,0.0,403.0,394.0,167.0,1.0,0.0,1.0,0.0,0.0,0.0,0.4936,0.4936,0.0,0.0,0.0,0.3,0.17,-0.06,354.0,0.03,403.0,0,6,895.58,20.0,0.656,0.0,0.039,0.0,0.039,0.0,0.0,481.0,,Time trial,0.0,1.0,🟢  Plat/Sprint,0
2022-02-19,2022,ruta-del-sol,stage,4.0,Astana Qazaqstan Team,0,2.Pro,,,0.0,,,,,,,10.0,210.0,190.0,0.0,0.0,4.0,169.53,161.0,0.0,0.151,3.51,0.0,159.0,2.21,0.243,0.0,4.83,0.0,3.83,3.51,0.0,2987.0,2821.0,1481.0,668.0,2.0,1.0,2.0,0.0,1.0,0.9669,0.9669,0.8443,0.1786,0.1786,1.1,-1.57,-2.72,42.0,0.8,1282.0,0,6,895.58,20.0,0.0,0.0,0.0,0.0,0.0,0.0,0.0,421.0,,Sprint à deux,6.6,2.0,⛰️  Moy. montagne,0
2022-02-20,2022,volta-ao-algarve,stage,5.0,Astana Qazaqstan Team,0,2.Pro,,,0.0,,,,,,,0.0,10.0,0.0,0.0,0.0,5.0,173.14,167.0,6.3,0.217,0.0,0.0,98.8,0.121,74.2,0.0,0.228,0.0,0.0,0.0,0.0,2977.0,2542.0,575.0,15.0,4.0,3.0,2.0,0.0,0.0,0.9998,0.9998,0.9998,0.0,0.0,7.6,7.8,4.46,297.0,0.15,602.0,0,6,895.58,20.0,0.0,0.0,0.0,0.0,0.0,0.0,0.0,481.0,,Sprint of small group,29.6,3.0,🏔️  Haute montagne,0
2022-02-20,2022,ruta-del-sol,stage,5.0,Astana Qazaqstan Team,0,2.Pro,,,0.0,,,,,,,0.0,210.0,190.0,0.0,0.0,5.0,146.63,137.0,8.11,0.432,0.145,0.0,117.0,3.15,25.6,0.0,0.989,0.0,0.989,0.145,0.0,2899.0,2487.0,1163.0,407.0,0.0,1.0,3.0,1.0,0.0,0.9997,0.9997,0.9997,0.2683,0.0,8.0,6.73,5.72,296.0,0.18,1130.0,0,6,895.58,20.0,0.0,0.0,0.0,0.0,0.0,0.0,0.0,421.0,,3.4 km solo,29.6,3.0,🏔️  Haute montagne,0
2022-02-20,2022,uae-tour,stage,1.0,Astana Qazaqstan Team,0,2.UWT,,,0.0,,,,,,,0.0,86.0,86.0,0.0,0.0,1.0,184.29,62.0,12.9,0.0,0.0,0.0,60.1,3.15,11.4,1.24,107.0,0.0,111.0,3.43,0.0,1303.0,1301.0,201.0,87.0,1.0,0.0,0.0,0.0,0.0,0.2695,0.0,0.0,0.0,0.0,0.0,0.07,-0.1,134.0,0.05,189.0,0,6,895.58,40.0,0.0,0.0,0.0,0.0,0.0,0.0,0.0,620.0,,Sprint of large group,0.0,1.0,🟢  Plat/Sprint,0
2022-02-21,2022,uae-tour,stage,2.0,Astana Qazaqstan Team,0,2.UWT,,,0.0,,,,,,,0.0,86.0,86.0,0.0,0.0,2.0,175.8,124.0,10.7,2.29,0.0,0.0,98.7,2.8,26.3,4.73,38.7,0.0,39.5,5.55,0.0,335.0,335.0,58.0,0.0,0.0,0.0,0.0,0.0,0.0,0.0,0.0,0.0,0.0,0.0,0.1,0.03,0.02,13.0,0.04,75.0,0,6,895.58,40.0,2.389,0.0,2.389,0.0,2.389,0.0,0.0,620.0,,Sprint of large group,0.0,1.0,🟢  Plat/Sprint,0
2022-02-22,2022,uae-tour,stage,3.0,Astana Qazaqstan Team,0,2.UWT,,,0.0,,,,,,,0.0,86.0,86.0,0.0,0.0,3.0,8.99,0.438,8.31,0.0,0.0,0.0,8.55,0.197,0.0,0.0,0.0,0.0,0.0,0.0,0.0,8.0,5.0,5.0,1.0,0.0,0.0,0.0,0.0,0.0,0.0,0.0,0.0,0.0,0.0,0.0,0.03,0.02,8.0,0.03,8.0,0,6,895.58,40.0,0.0,0.0,0.0,0.0,0.0,0.0,0.0,620.0,,Time trial,0.0,1.0,🟢  Plat/Sprint,0
2022-02-23,2022,uae-tour,stage,4.0,Astana Qazaqstan Team,0,2.UWT,,,0.0,,,,,,,0.0,86.0,86.0,0.0,0.0,4.0,180.41,87.3,15.1,0.0,0.734,0.0,50.2,5.76,47.6,0.0,76.6,0.202,79.2,2.09,0.0,2639.0,1155.0,1490.0,2.0,0.0,1.0,1.0,0.0,1.0,0.9989,0.9989,0.9989,0.9989,0.9989,5.2,6.13,6.12,350.0,0.76,610.0,0,6,895.58,40.0,0.0,0.0,0.0,0.0,0.0,0.0,0.0,620.0,,Sprint of small group,29.6,3.0,🏔️  Haute montagne,0
2022-02-24,2022,uae-tour,stage,5.0,Astana Qazaqstan Team,0,2.UWT,,,0.0,,,,,,,0.0,86.0,86.0,0.0,0.0,5.0,181.55,67.3,2.42,0.0,1.15,0.0,38.8,1.36,30.4,0.0,111.0,0.0,112.0,0.11,1.15,540.0,539.0,68.0,-1.0,0.0,0.0,0.0,0.0,0.0,0.0,0.0,0.0,0.0,0.0,0.3,0.07,-0.02,10.0,0.07,193.0,0,6,895.58,40.0,0.0,0.0,0.0,0.0,0.0,0.0,0.0,620.0,,Sprint of large group,0.0,1.0,🟢  Plat/Sprint,0
2022-02-25,2022,uae-tour,stage,6.0,Astana Qazaqstan Team,0,2.UWT,,,0.0,,,,,,,0.0,86.0,86.0,0.0,0.0,6.0,180.4,123.0,0.796,10.8,0.0,0.0,57.7,3.18,72.2,0.623,44.9,0.0,47.0,2.8,0.0,366.0,366.0,44.0,-10.0,0.0,0.0,0.0,0.0,0.0,0.0,0.0,0.0,0.0,0.0,-0.1,-0.37,0.12,57.0,-0.01,123.0,0,6,895.58,40.0,8.875,0.0,0.0,0.0,0.0,0.0,0.0,620.0,,Sprint of small group,0.0,1.0,🟢  Plat/Sprint,0
2022-02-26,2022,omloop-het-nieuwsblad,result,,Astana Qazaqstan Team,0,1.UWT,,,0.0,,,,,,,0.0,0.0,0.0,0.0,0.0,,204.29,108.0,77.4,18.9,0.0,0.0,67.0,49.8,5.73,69.9,0.187,0.186,0.399,0.174,0.0,1653.0,1655.0,107.0,7.0,4.0,0.0,0.0,0.0,0.0,0.9261,0.0,0.0,0.0,0.0,-0.3,-0.63,-0.66,84.0,0.14,354.0,0,6,895.58,300.0,4.477,0.0,1.663,0.0,0.024,0.0,0.0,732.0,,13 km solo,0.0,1.0,🟢  Plat/Sprint,0
2022-02-26,2022,uae-tour,stage,7.0,Astana Qazaqstan Team,0,2.UWT,,,0.0,,,,,,,0.0,86.0,86.0,0.0,0.0,7.0,147.99,93.2,3.12,0.0,0.0,0.0,33.6,1.39,61.9,0.0,51.6,0.0,52.3,0.11,0.0,1364.0,619.0,1031.0,218.0,1.0,0.0,0.0,0.0,1.0,0.9993,0.9993,0.9993,0.9993,0.9993,2.2,3.93,5.76,339.0,-0.11,204.0,0,6,895.58,40.0,0.0,0.0,0.0,0.0,0.0,0.0,0.0,620.0,,Sprint à deux,4.0,3.0,🏔️  Haute montagne,0
2022-02-26,2022,faun-ardeche-classic,result,,Astana Qazaqstan Team,0,1.Pro,,,0.0,,,,,,,0.0,0.0,0.0,0.0,0.0,,171.76,161.0,10.1,0.0,0.0,0.0,125.0,0.0,32.4,13.2,0.433,0.0,0.0,0.0,0.0,3161.0,3198.0,685.0,105.0,3.0,4.0,3.0,0.0,0.0,0.959,0.959,0.872,0.0,0.0,0.1,0.03,-3.04,7.0,0.06,911.0,0,6,895.58,200.0,0.0,0.0,0.0,0.0,0.0,0.0,0.0,453.0,,24.2 km solo,2.0,2.0,⛰️  Moy. montagne,0
2022-02-27,2022,la-drome-classic,result,,Astana Qazaqstan Team,0,1.Pro,,,0.0,,,,,,,5.0,5.0,0.0,0.0,0.0,,192.92,167.0,23.6,0.0,0.0,0.0,150.0,9.57,25.6,5.78,2.3,0.0,2.46,0.0,0.0,2371.0,2377.0,516.0,111.0,4.0,2.0,1.0,0.0,0.0,0.8867,0.8365,0.7559,0.0,0.0,5.1,2.07,1.02,79.0,-0.01,462.0,0,6,895.58,200.0,0.0,0.0,0.0,0.0,0.0,0.0,0.0,461.0,,0.5 km solo,2.0,2.0,⛰️  Moy. montagne,0
2022-03-02,2022,trofeo-laigueglia,result,,Astana Qazaqstan Team,0,1.Pro,,,0.0,,,,,,,20.0,20.0,0.0,0.0,0.0,,202.72,182.0,19.1,0.0,0.0,0.0,117.0,8.08,68.1,7.46,1.76,0.0,1.22,0.0,0.0,2967.0,2967.0,481.0,1.0,0.0,4.0,3.0,0.0,0.0,0.9537,0.9537,0.5837,0.0,0.0,-0.4,-1.97,-0.04,83.0,0.21,643.0,0,6,895.58,200.0,0.0,0.0,0.0,0.0,0.0,0.0,0.0,311.0,,0.5 km solo,3.0,2.0,⛰️  Moy. montagne,0
2022-03-02,2022,trofej-umag,result,,Astana Qazaqstan Development Team,0,1.2,,,0.0,,,,,,,0.0,0.0,0.0,0.0,0.0,,153.85,153.0,0.001,0.0,0.0,0.0,109.0,2.16,42.6,0.0,0.0,0.0,0.0,0.0,0.0,1250.0,1253.0,115.0,0.0,7.0,0.0,0.0,0.0,0.0,0.9406,0.0,0.0,0.0,0.0,-0.3,-0.93,-1.04,84.0,0.04,416.0,0,6,895.58,40.0,0.0,0.0,0.0,0.0,0.0,0.0,0.0,21.0,,1 km solo,0.0,1.0,🟢  Plat/Sprint,0
2022-03-05,2022,strade-bianche,result,,Astana Qazaqstan Team,0,1.UWT,,,0.0,,,,,,,12.0,12.0,0.0,0.0,0.0,,184.41,120.0,2.9,0.882,12.1,47.6,111.0,45.4,26.7,0.0,0.335,0.0,0.382,0.469,0.0,3107.0,3030.0,460.0,139.0,8.0,3.0,1.0,0.0,0.0,0.997,0.9543,0.3065,0.0,0.0,5.0,0.8,-0.48,143.0,-0.16,674.0,0,6,895.58,300.0,0.942,8.003,0.942,0.0,0.942,0.0,0.0,659.0,,49.2 km solo,7.0,2.0,⛰️  Moy. montagne,0
2022-03-06,2022,porec-trophy,result,,Astana Qazaqstan Development Team,1,1.2,FIN,81.0,0.0,,,,,,,0.0,0.0,0.0,0.0,0.0,,149.61,149.0,0.684,0.0,0.0,0.0,91.6,0.417,57.1,0.417,0.0,0.0,0.0,0.0,0.0,1587.0,1490.0,177.0,5.0,0.0,7.0,0.0,0.0,0.0,0.9239,0.9239,0.0,0.0,0.0,4.9,2.3,1.48,147.0,0.06,514.0,0,6,895.58,40.0,0.0,0.0,0.0,0.0,0.0,0.0,0.0,23.0,,Sprint of large group,0.0,2.0,⛰️  Moy. montagne,0
2022-03-06,2022,paris-nice,stage,1.0,Astana Qazaqstan Team,0,2.UWT,,,0.0,,,,,,,0.0,20.0,20.0,0.0,0.0,1.0,159.68,142.0,17.6,0.0,0.325,0.0,113.0,8.13,28.3,9.9,0.0,0.0,0.0,0.0,0.245,1655.0,1682.0,166.0,15.0,8.0,0.0,0.0,0.0,0.0,0.9691,0.0,0.0,0.0,0.0,-0.1,-0.6,-1.96,125.0,-0.03,608.0,0,6,895.58,60.0,0.0,0.0,0.0,0.0,0.0,0.0,0.0,1182.0,,Other,0.0,1.0,🟢  Plat/Sprint,0
2022-03-07,2022,tirreno-adriatico,stage,1.0,Astana Qazaqstan Team,0,2.UWT,,,0.0,,,,,,,0.0,40.0,30.0,0.0,0.0,1.0,14.11,13.0,0.458,0.0,0.0,0.0,12.0,0.936,0.0,0.557,0.531,0.0,0.677,0.146,0.0,3.0,4.0,2.0,0.0,0.0,0.0,0.0,0.0,0.0,0.0,0.0,0.0,0.0,0.0,-0.1,-0.03,-0.02,3.0,-0.01,3.0,0,7,1045.19,60.0,0.0,0.0,0.0,0.0,0.0,0.0,0.0,1059.0,,Time trial,0.0,1.0,🟢  Plat/Sprint,0
2022-03-07,2022,paris-nice,stage,2.0,Astana Qazaqstan Team,0,2.UWT,,,0.0,,,,,,,0.0,20.0,20.0,0.0,0.0,2.0,159.4,157.0,1.54,0.0,0.264,0.0,107.0,1.52,46.3,4.36,0.397,0.0,0.437,0.121,0.0,707.0,772.0,176.0,80.0,1.0,0.0,0.0,0.0,0.0,0.1875,0.0,0.0,0.0,0.0,0.7,0.53,0.32,29.0,-0.1,407.0,0,7,1045.19,60.0,0.0,0.0,0.0,0.0,0.0,0.0,0.0,1182.0,,Sprint of large group,0.0,1.0,🟢  Plat/Sprint,0
2022-03-08,2022,paris-nice,stage,3.0,Astana Qazaqstan Team,0,2.UWT,,,0.0,,,,,,,0.0,20.0,20.0,0.0,0.0,3.0,190.91,190.0,1.19,0.0,0.0,0.0,150.0,1.18,39.4,0.0,0.0,0.0,0.0,0.0,0.0,1929.0,1670.0,561.0,106.0,5.0,0.0,1.0,0.0,0.0,0.9685,0.8423,0.8423,0.0,0.0,4.0,1.9,-0.14,126.0,0.08,263.0,0,7,1045.19,60.0,0.0,0.0,0.0,0.0,0.0,0.0,0.0,1182.0,,Sprint of large group,9.4,2.0,⛰️  Moy. montagne,0
2022-03-08,2022,tirreno-adriatico,stage,2.0,Astana Qazaqstan Team,0,2.UWT,,,0.0,,,,,,,0.0,40.0,30.0,0.0,0.0,2.0,219.56,216.0,3.41,0.0,0.0,0.0,120.0,0.975,98.0,0.0,0.242,0.0,0.242,0.0,0.0,2151.0,1953.0,544.0,-2.0,3.0,3.0,1.0,0.0,0.0,0.9019,0.9019,0.8305,0.0,0.0,0.2,-0.47,0.1,54.0,0.0,146.0,0,7,1045.19,60.0,0.0,0.0,0.0,0.0,0.0,0.0,0.0,1059.0,,Sprint of large group,7.4,2.0,⛰️  Moy. montagne,0
2022-03-09,2022,tirreno-adriatico,stage,3.0,Astana Qazaqstan Team,0,2.UWT,,,0.0,,,,,,,0.0,40.0,30.0,0.0,0.0,3.0,170.41,170.0,0.164,0.1,0.0,0.0,63.4,0.928,106.0,0.0,0.156,0.0,0.156,0.0,0.0,2063.0,2079.0,553.0,91.0,3.0,1.0,2.0,0.0,0.0,0.878,0.8131,0.8131,0.0,0.0,0.9,0.37,0.4,27.0,0.37,830.0,0,7,1045.19,60.0,0.0,0.0,0.0,0.0,0.0,0.0,0.0,1059.0,,Sprint of large group,7.4,2.0,⛰️  Moy. montagne,0
2022-03-09,2022,paris-nice,stage,4.0,Astana Qazaqstan Team,0,2.UWT,,,0.0,,,,,,,0.0,20.0,20.0,0.0,0.0,4.0,13.35,11.0,2.14,0.0,0.0,0.0,10.3,0.244,1.77,0.852,0.19,0.0,0.25,0.0,0.0,188.0,170.0,308.0,205.0,0.0,0.0,0.0,0.0,0.0,0.0,0.0,0.0,0.0,0.0,5.4,-0.13,-0.26,95.0,0.13,188.0,0,7,1045.19,60.0,0.0,0.0,0.0,0.0,0.0,0.0,0.0,1182.0,,Time trial,0.0,1.0,🟢  Plat/Sprint,0
2022-03-10,2022,paris-nice,stage,5.0,Astana Qazaqstan Team,0,2.UWT,,,0.0,,,,,,,0.0,20.0,20.0,0.0,0.0,5.0,188.69,182.0,6.68,0.0,0.0,0.0,130.0,0.0,55.0,3.27,0.0,0.0,0.0,0.0,0.0,3408.0,3596.0,1202.0,99.0,1.0,2.0,2.0,1.0,1.0,0.947,0.947,0.947,0.7573,0.1403,0.7,-0.17,0.08,53.0,0.37,1051.0,0,7,1045.19,60.0,0.0,0.0,0.0,0.0,0.0,0.0,0.0,1182.0,,38.7 km solo,6.4,2.0,⛰️  Moy. montagne,0
2022-03-10,2022,tirreno-adriatico,stage,4.0,Astana Qazaqstan Team,0,2.UWT,,,0.0,,,,,,,0.0,40.0,30.0,0.0,0.0,4.0,201.17,199.0,0.0,0.207,0.0,0.0,72.6,0.687,126.0,0.11,1.9,0.0,0.182,0.18,0.0,3105.0,2990.0,1106.0,91.0,1.0,6.0,0.0,0.0,1.0,0.9992,0.9992,0.2416,0.2416,0.2416,3.7,5.17,4.78,247.0,1.46,1258.0,0,7,1045.19,60.0,0.0,0.0,0.0,0.0,0.0,0.0,0.0,1059.0,,0.3 km solo,2.0,3.0,🏔️  Haute montagne,0
2022-03-10,2022,istrian-spring-tour,prologue,,Astana Qazaqstan Development Team,1,2.2,FIN,54.0,0.0,12.0,0.0,,,,,0.0,3.0,0.0,0.0,0.0,,1.41,0.0,0.0,0.0,0.0,0.0,0.0,0.0,0.0,0.0,1.33,0.0,0.0,0.0,0.0,3.0,9.0,39.0,30.0,0.0,0.0,0.0,0.0,0.0,0.0,0.0,0.0,0.0,0.0,-0.6,-0.43,-0.43,3.0,-0.43,3.0,0,7,1045.19,7.0,0.0,0.0,0.0,0.0,0.0,0.0,0.0,,,,,0.0,⏱️  CLM,0
2022-03-11,2022,paris-nice,stage,6.0,Astana Qazaqstan Team,0,2.UWT,,,0.0,,,,,,,0.0,20.0,20.0,0.0,0.0,6.0,214.28,213.0,1.0,0.0,0.0,0.0,194.0,0.851,16.9,1.41,0.0,0.0,0.322,0.151,0.0,2854.0,2777.0,731.0,23.0,1.0,3.0,2.0,1.0,0.0,0.9506,0.8186,0.8186,0.8186,0.0,-1.3,-0.73,-1.08,20.0,0.39,626.0,0,8,1046.6,60.0,0.0,0.0,0.0,0.0,0.0,0.0,0.0,1182.0,,9.1 km solo,2.4,2.0,⛰️  Moy. montagne,0
2022-03-11,2022,tirreno-adriatico,stage,5.0,Astana Qazaqstan Team,0,2.UWT,,,0.0,,,,,,,10.0,40.0,30.0,0.0,0.0,5.0,154.83,147.0,6.89,0.251,0.0,0.0,102.0,7.37,42.5,0.898,1.08,0.0,1.47,1.35,0.0,2404.0,2459.0,676.0,2.0,5.0,5.0,1.0,0.0,0.0,0.9998,0.9998,0.2312,0.0,0.0,6.2,6.17,2.1,226.0,-0.13,685.0,0,8,1046.6,60.0,0.0,0.0,0.0,0.0,0.0,0.0,0.0,1059.0,,2.9 km solo,0.0,2.0,⛰️  Moy. montagne,0
2022-03-11,2022,istrian-spring-tour,stage,1.0,Astana Qazaqstan Development Team,1,2.2,FIN,88.0,0.0,12.0,0.0,,,,,0.0,3.0,0.0,0.0,0.0,1.0,165.97,158.0,1.56,0.0,6.56,0.0,88.2,1.61,69.7,0.0,0.0,0.0,0.0,6.58,0.0,1593.0,1577.0,385.0,3.0,3.0,2.0,1.0,0.0,0.0,0.9355,0.8889,0.2923,0.0,0.0,1.4,-0.93,-0.36,71.0,0.73,742.0,0,8,1046.6,7.0,0.0,0.0,0.0,0.0,0.0,0.0,0.0,36.0,,-,0.0,2.0,⛰️  Moy. montagne,0
2022-03-12,2022,paris-nice,stage,7.0,Astana Qazaqstan Team,0,2.UWT,,,0.0,,,,,,,0.0,20.0,20.0,0.0,0.0,7.0,156.01,155.0,0.0,0.0,0.0,0.0,145.0,0.0,3.07,6.63,1.06,0.0,0.801,0.0,0.0,3564.0,1976.0,1605.0,17.0,0.0,2.0,0.0,0.0,2.0,0.9995,0.9995,0.9995,0.9995,0.9995,7.8,8.17,7.9,273.0,1.47,1031.0,0,9,1212.57,60.0,0.0,0.0,0.0,0.0,0.0,0.0,0.0,1182.0,,Sprint of small group,0.0,3.0,🏔️  Haute montagne,0
2022-03-12,2022,istrian-spring-tour,stage,2.0,Astana Qazaqstan Development Team,1,2.2,FIN,8.0,0.0,12.0,0.0,,,,,3.0,3.0,0.0,0.0,0.0,2.0,172.88,172.0,0.211,0.389,0.261,0.0,115.0,3.48,54.1,0.0,0.0,0.0,0.0,0.277,0.0,2410.0,2158.0,415.0,0.0,2.0,2.0,2.0,0.0,0.0,0.9983,0.9983,0.7645,0.0,0.0,6.4,6.87,5.04,411.0,0.35,632.0,0,9,1212.57,7.0,0.0,0.0,0.0,0.0,0.0,0.0,0.0,36.0,,-,0.0,3.0,🏔️  Haute montagne,0
2022-03-12,2022,tirreno-adriatico,stage,6.0,Astana Qazaqstan Team,0,2.UWT,,,0.0,,,,,,,0.0,40.0,30.0,0.0,0.0,6.0,215.46,196.0,19.9,0.123,0.0,0.0,138.0,12.9,64.4,0.228,0.0,0.0,0.0,0.0,0.0,3808.0,3519.0,1372.0,53.0,0.0,4.0,1.0,0.0,2.0,0.9291,0.9291,0.9291,0.9291,0.9291,2.6,0.73,-2.16,56.0,-0.65,365.0,0,9,1212.57,60.0,0.0,0.0,0.0,0.0,0.0,0.0,0.0,1059.0,,16 km solo,2.0,2.0,⛰️  Moy. montagne,0
2022-03-13,2022,istrian-spring-tour,stage,3.0,Astana Qazaqstan Development Team,1,2.2,FIN,37.0,0.0,12.0,0.0,,,,,0.0,3.0,0.0,0.0,0.0,3.0,112.55,110.0,0.637,0.0,1.65,0.0,58.5,1.22,52.4,0.0,0.404,0.0,0.498,0.134,0.0,1219.0,1484.0,453.0,-2.0,1.0,3.0,0.0,0.0,0.0,0.8763,0.6184,0.0,0.0,0.0,-0.2,-0.4,-0.66,8.0,-0.29,677.0,0,9,1246.23,7.0,0.0,0.0,0.0,0.0,0.0,0.0,0.0,36.0,,-,0.0,1.0,🟢  Plat/Sprint,0
2022-03-13,2022,paris-nice,stage,8.0,Astana Qazaqstan Team,0,2.UWT,,,0.0,,,,,,,0.0,20.0,20.0,0.0,0.0,8.0,115.29,115.0,0.114,0.0,0.0,0.0,73.9,1.34,32.1,7.2,0.197,0.0,0.0,0.202,0.0,2409.0,2431.0,694.0,5.0,0.0,1.0,3.0,1.0,0.0,0.8829,0.8829,0.8829,0.6484,0.0,-0.6,-1.37,-2.92,8.0,0.96,1112.0,0,9,1246.23,60.0,0.0,0.0,0.0,0.0,0.0,0.0,0.0,1182.0,,19.2 km solo,2.0,2.0,⛰️  Moy. montagne,0
2022-03-13,2022,tirreno-adriatico,stage,7.0,Astana Qazaqstan Team,0,2.UWT,,,0.0,,,,,,,0.0,40.0,30.0,0.0,0.0,7.0,159.53,154.0,1.61,0.0,0.0,0.0,126.0,0.968,27.2,1.29,4.11,0.0,4.72,0.629,0.0,1295.0,1300.0,533.0,1.0,1.0,1.0,1.0,0.0,0.0,0.5166,0.5166,0.3368,0.0,0.0,0.1,-0.17,-0.12,28.0,1.01,787.0,0,9,1246.23,60.0,0.0,0.0,0.0,0.0,0.0,0.0,0.0,1059.0,,Sprint of large group,2.0,2.0,⛰️  Moy. montagne,0
2022-03-16,2022,milano-torino,result,,Astana Qazaqstan Team,0,1.Pro,,,0.0,,,,,,,5.0,5.0,0.0,0.0,0.0,,199.33,185.0,1.71,0.469,3.09,0.0,92.3,0.829,93.1,0.961,9.34,0.0,8.33,3.48,0.0,1166.0,947.0,464.0,114.0,3.0,0.0,1.0,0.0,0.0,0.9053,0.4358,0.4358,0.0,0.0,1.0,-0.07,0.44,36.0,0.02,92.0,0,7,889.04,200.0,0.0,0.0,0.0,0.0,0.0,0.0,0.0,405.0,,Sprint of large group,0.0,1.0,🟢  Plat/Sprint,0
2022-03-19,2022,milano-sanremo,result,,Astana Qazaqstan Team,0,1.UWT,,,0.0,,,,,,,10.0,10.0,0.0,0.0,0.0,,292.37,287.0,3.83,1.1,0.358,0.0,47.1,2.02,233.0,8.68,0.878,0.201,0.935,0.879,0.0,2095.0,2190.0,547.0,3.0,2.0,1.0,1.0,0.0,0.0,0.9745,0.9108,0.3304,0.0,0.0,-0.5,-1.03,-2.52,51.0,-0.03,52.0,0,5,602.42,500.0,0.0,0.0,0.0,0.0,0.0,0.0,0.0,936.0,,4.3 km solo,2.0,2.0,⛰️  Moy. montagne,0
2022-03-20,2022,per-sempre-alfredo,result,,Astana Qazaqstan Development Team,0,1.1,,,0.0,,,,,,,3.0,3.0,0.0,0.0,0.0,,173.27,165.0,4.62,0.0,0.0,0.0,131.0,3.08,35.6,0.3,2.91,0.0,3.29,0.109,0.0,2918.0,2922.0,521.0,45.0,1.0,5.0,2.0,0.0,0.0,0.9559,0.9559,0.2346,0.0,0.0,0.8,0.0,-1.22,13.0,0.34,932.0,1,5,602.42,125.0,0.0,0.0,0.0,0.0,0.0,0.0,0.0,82.0,,8.5 km solo,0.0,2.0,⛰️  Moy. montagne,0
2022-03-21,2022,volta-a-catalunya,stage,1.0,Astana Qazaqstan Team,0,2.UWT,,,0.0,,,,,,,0.0,42.0,42.0,0.0,0.0,1.0,171.86,151.0,19.4,0.329,0.0,0.0,127.0,12.4,31.2,0.315,0.48,0.0,0.48,0.433,0.0,1653.0,1653.0,355.0,0.0,2.0,1.0,2.0,0.0,0.0,0.8313,0.8313,0.8313,0.0,0.0,3.3,-0.37,0.6,81.0,0.18,647.0,0,5,602.42,50.0,0.0,0.0,0.0,0.0,0.0,0.0,0.0,722.0,,Sprint of large group,4.0,2.0,⛰️  Moy. montagne,0
2022-03-22,2022,volta-a-catalunya,stage,2.0,Astana Qazaqstan Team,0,2.UWT,,,0.0,,,,,,,0.0,42.0,42.0,0.0,0.0,2.0,203.07,198.0,1.1,0.123,0.412,0.0,123.0,0.48,73.4,2.62,3.07,0.0,3.07,0.478,0.0,2177.0,2156.0,300.0,0.0,5.0,3.0,0.0,0.0,0.0,0.8522,0.5781,0.0,0.0,0.0,-0.8,-0.57,-0.28,34.0,0.38,558.0,0,5,602.42,50.0,0.0,0.0,0.0,0.0,0.0,0.0,0.0,722.0,,Sprint of large group,2.0,2.0,⛰️  Moy. montagne,0
2022-03-22,2022,settimana-internazionale-coppi-e-bartali,stage,1.0,Astana Qazaqstan Team,1,2.1,FIN,55.0,0.0,33.0,0.0,,,,,0.0,15.0,15.0,0.0,0.0,1.0,162.93,162.0,0.105,0.194,0.0,0.0,162.0,0.0,0.0,0.308,0.0,0.0,0.0,0.0,0.0,2898.0,2967.0,394.0,1.0,6.0,2.0,4.0,0.0,0.0,0.9345,0.821,0.7557,0.0,0.0,0.1,-2.23,-1.86,6.0,-0.03,809.0,0,5,602.42,14.0,0.0,0.0,0.0,0.0,0.0,0.0,0.0,264.0,,Sprint à deux,2.0,2.0,⛰️  Moy. montagne,0
2022-03-23,2022,settimana-internazionale-coppi-e-bartali,stage,2.0,Astana Qazaqstan Team,1,2.1,FIN,46.0,0.0,33.0,0.0,,,,,0.0,15.0,15.0,0.0,0.0,2.0,166.18,140.0,25.4,0.0,0.0,0.0,163.0,1.47,0.17,0.0,1.25,0.0,1.25,0.0,0.0,2673.0,2530.0,371.0,1.0,8.0,0.0,5.0,0.0,0.0,0.9997,0.9345,0.9345,0.0,0.0,6.9,3.37,1.78,121.0,0.1,334.0,0,6,765.3499999999999,14.0,0.0,0.0,0.0,0.0,0.0,0.0,0.0,264.0,,Sprint of small group,2.0,2.0,⛰️  Moy. montagne,0
2022-03-23,2022,classic-brugge-de-panne,result,,Astana Qazaqstan Team,0,1.UWT,,,0.0,,,,,,,5.0,5.0,0.0,0.0,0.0,,206.19,143.0,58.6,4.13,0.0,0.0,69.6,38.7,11.5,66.8,0.677,0.0,1.05,0.0,0.0,232.0,239.0,35.0,-3.0,0.0,0.0,0.0,0.0,0.0,0.0,0.0,0.0,0.0,0.0,-0.1,0.03,0.02,19.0,-0.03,55.0,0,6,765.3499999999999,300.0,1.419,0.0,0.101,0.0,0.101,0.0,0.0,444.0,,Sprint of large group,1.0,1.0,🟢  Plat/Sprint,0
2022-03-23,2022,volta-a-catalunya,stage,3.0,Astana Qazaqstan Team,0,2.UWT,,,0.0,,,,,,,0.0,42.0,42.0,0.0,0.0,3.0,160.52,137.0,0.0,0.0,0.54,0.0,43.9,1.49,84.9,6.27,23.6,0.0,23.6,0.54,0.0,3366.0,1703.0,1805.0,28.0,2.0,0.0,2.0,0.0,1.0,0.9998,0.9738,0.9738,0.8194,0.8194,6.0,0.53,1.56,192.0,0.89,557.0,0,6,765.3499999999999,50.0,0.0,0.0,0.0,0.0,0.0,0.0,0.0,722.0,,7.2 km solo,0.0,3.0,🏔️  Haute montagne,0
2022-03-24,2022,volta-a-catalunya,stage,4.0,Astana Qazaqstan Team,0,2.UWT,,,0.0,,,,,,,0.0,42.0,42.0,0.0,0.0,4.0,168.36,162.0,6.35,0.0,0.0,0.0,81.2,0.0,87.0,0.0,0.0,0.15,0.0,0.0,0.0,3537.0,2189.0,2050.0,421.0,1.0,0.0,1.0,0.0,2.0,0.9999,0.9999,0.9999,0.9999,0.9999,7.1,6.77,6.28,358.0,0.89,968.0,0,7,931.53,50.0,0.0,0.0,0.0,0.0,0.0,0.0,0.0,722.0,,Sprint of small group,0.0,3.0,🏔️  Haute montagne,0
2022-03-24,2022,settimana-internazionale-coppi-e-bartali,stage,3.0,Astana Qazaqstan Team,1,2.1,FIN,40.0,0.0,33.0,0.0,,,,,0.0,15.0,15.0,0.0,0.0,3.0,147.2,145.0,1.72,0.621,0.0,0.0,131.0,3.24,13.2,0.0,0.0,0.0,0.0,0.0,0.0,3963.0,3805.0,984.0,62.0,5.0,0.0,5.0,1.0,0.0,0.9998,0.9998,0.9998,0.1695,0.0,5.9,7.07,7.38,358.0,-0.6,928.0,0,7,931.53,14.0,0.355,0.0,0.218,0.0,0.08,0.0,0.0,264.0,,1.5 km solo,0.0,3.0,🏔️  Haute montagne,0
2022-03-25,2022,e3-harelbeke,result,,Astana Qazaqstan Team,0,1.UWT,,,0.0,,,,,,,8.0,8.0,0.0,0.0,0.0,,204.91,122.0,66.3,15.9,0.0,0.0,86.1,25.8,11.8,68.4,0.758,0.0,0.913,0.119,0.0,1991.0,1993.0,155.0,9.0,8.0,0.0,0.0,0.0,0.0,0.8622,0.0,0.0,0.0,0.0,0.1,-0.1,-0.02,14.0,0.11,315.0,0,8,1078.73,400.0,4.196,0.022,0.36,0.0,0.0,0.0,0.0,608.0,16.0,Other,2.0,1.0,🟢  Plat/Sprint,0
2022-03-25,2022,settimana-internazionale-coppi-e-bartali,stage,4.0,Astana Qazaqstan Team,1,2.1,FIN,31.0,0.0,33.0,0.0,,,,,0.0,15.0,15.0,0.0,0.0,4.0,156.33,153.0,2.4,0.0,0.0,0.0,121.0,7.54,27.4,0.0,0.0,0.0,1.5,1.5,0.0,2410.0,2411.0,868.0,24.0,0.0,8.0,0.0,0.0,1.0,0.9429,0.9429,0.516,0.516,0.516,1.0,0.3,-0.04,18.0,0.05,738.0,0,8,1078.73,14.0,0.0,0.0,0.0,0.0,0.0,0.0,0.0,264.0,20.0,Sprint of large group,2.0,2.0,⛰️  Moy. montagne,0
2022-03-25,2022,volta-a-catalunya,stage,5.0,Astana Qazaqstan Team,0,2.UWT,,,0.0,,,,,,,0.0,42.0,42.0,0.0,0.0,5.0,207.86,199.0,8.79,0.0,0.0,0.0,104.0,1.52,102.0,0.0,0.0,0.0,0.0,0.0,0.0,2486.0,2997.0,1099.0,11.0,3.0,1.0,1.0,1.0,0.0,0.7872,0.5801,0.473,0.1518,0.0,-0.8,-0.5,-1.28,48.0,0.01,913.0,0,8,1078.73,50.0,0.0,0.0,0.0,0.0,0.0,0.0,0.0,722.0,15.0,Sprint of large group,0.0,2.0,⛰️  Moy. montagne,0
2022-03-26,2022,settimana-internazionale-coppi-e-bartali,stage,5.0,Astana Qazaqstan Team,1,2.1,FIN,30.0,0.0,33.0,0.0,,,,,0.0,15.0,15.0,0.0,0.0,5.0,160.46,142.0,17.1,0.0,0.0,0.0,145.0,2.23,12.0,0.585,0.457,0.0,0.584,0.0,0.0,1997.0,1998.0,404.0,16.0,1.0,1.0,3.0,0.0,0.0,0.9119,0.9119,0.9119,0.0,0.0,0.5,0.03,-0.3,10.0,0.02,190.0,0,9,1235.06,14.0,0.0,0.0,0.0,0.0,0.0,0.0,0.0,264.0,22.0,Other,0.0,2.0,⛰️  Moy. montagne,0
2022-03-26,2022,volta-a-catalunya,stage,6.0,Astana Qazaqstan Team,0,2.UWT,,,0.0,,,,,,,0.0,42.0,42.0,0.0,0.0,6.0,167.77,165.0,2.38,0.0,0.0,0.0,161.0,3.16,2.65,0.0,0.0,0.0,0.0,0.0,0.0,2683.0,2705.0,1030.0,1.0,4.0,4.0,0.0,0.0,1.0,0.8011,0.8011,0.3467,0.3467,0.3467,-0.1,-0.37,-0.24,10.0,1.39,1151.0,0,9,1235.06,50.0,0.0,0.0,0.0,0.0,0.0,0.0,0.0,722.0,36.0,Sprint à deux,0.0,2.0,⛰️  Moy. montagne,0
2022-03-27,2022,gent-wevelgem,result,,Astana Qazaqstan Team,0,1.UWT,,,0.0,,,,,,,0.0,0.0,0.0,0.0,0.0,,248.95,164.0,73.0,5.46,4.13,0.0,118.0,4.12,5.41,104.0,2.0,0.0,2.46,4.25,0.0,1315.0,1354.0,154.0,-3.0,4.0,0.0,0.0,0.0,0.0,0.8562,0.0,0.0,0.0,0.0,0.0,0.03,-0.02,15.0,-0.08,142.0,0,10,1395.52,500.0,1.903,0.0,0.169,0.0,0.169,0.0,0.0,828.0,13.0,Sprint of small group,3.6,1.0,🟢  Plat/Sprint,0
2022-03-27,2022,volta-a-catalunya,stage,7.0,Astana Qazaqstan Team,0,2.UWT,,,0.0,,,,,,,0.0,42.0,42.0,0.0,0.0,7.0,139.95,117.0,14.3,0.249,0.0,0.0,92.3,13.7,14.8,5.0,8.72,0.0,9.5,5.26,0.578,2058.0,2081.0,426.0,0.0,1.0,7.0,1.0,0.0,0.0,0.9588,0.9588,0.3054,0.0,0.0,-3.6,-1.27,-2.24,64.0,0.49,796.0,0,10,1395.52,50.0,0.0,0.0,0.0,0.0,0.0,0.0,0.0,722.0,17.0,Sprint of small group,6.0,2.0,⛰️  Moy. montagne,0
2022-03-27,2022,gp-industria-artigianato,result,,Astana Qazaqstan Team,1,1.Pro,FIN,30.0,5.0,,,,,,,30.0,30.0,0.0,0.0,0.0,,191.99,162.0,29.6,0.0,0.0,0.0,169.0,4.06,18.1,0.0,0.0,0.0,0.29,0.0,0.0,2207.0,2208.0,353.0,19.0,0.0,0.0,4.0,0.0,0.0,0.9592,0.9592,0.9592,0.0,0.0,1.1,-3.07,-4.8,16.0,-0.01,324.0,0,10,1395.52,200.0,0.0,0.0,0.0,0.0,0.0,0.0,0.025,123.0,22.0,Sprint of small group,0.0,2.0,⛰️  Moy. montagne,0
2022-03-30,2022,dwars-door-vlaanderen,result,,Astana Qazaqstan Team,0,1.UWT,,,0.0,,,,,,,0.0,0.0,0.0,0.0,0.0,,183.53,75.7,33.1,9.0,0.0,0.0,48.9,21.9,3.64,37.4,1.98,0.0,1.98,0.0,0.0,1613.2,1619.2,162.6,6.6,0.0,0.0,0.0,0.0,0.0,0.0,0.0,0.0,0.0,0.0,-1.07,-0.28,-0.34,19.2,0.08,136.0,0,11,1587.51,300.0,0.0,0.0,0.0,0.0,0.0,0.0,0.0,639.0,28.0,Sprint à deux,3.6,1.0,🟢  Plat/Sprint,0
2022-04-02,2022,gran-premio-miguel-indurain,result,,Astana Qazaqstan Team,0,1.Pro,,,0.0,,,,,,,13.0,13.0,0.0,0.0,0.0,,192.95,180.0,7.04,3.09,0.0,0.0,133.0,8.57,45.8,2.09,3.32,0.0,3.32,0.0,0.0,2878.0,2869.0,645.0,342.0,8.0,4.0,0.0,0.0,0.0,0.9874,0.8255,0.0,0.0,0.0,-4.9,-0.2,-0.24,100.0,0.2,746.0,0,11,1587.51,200.0,1.139,0.0,0.705,0.0,0.261,0.0,0.0,371.0,28.0,Sprint of small group,6.0,2.0,⛰️  Moy. montagne,0
2022-04-03,2022,ronde-van-vlaanderen,result,,Astana Qazaqstan Team,0,1.UWT,,,0.0,,,,,,,0.0,0.0,0.0,0.0,0.0,,272.51,145.0,108.0,17.8,0.0,0.0,115.0,36.2,12.3,96.8,1.26,0.0,1.63,0.0,0.0,2281.0,2278.0,164.0,0.0,2.0,3.0,0.0,0.0,0.0,0.9434,0.8999,0.0,0.0,0.0,-0.1,-0.13,-0.04,24.0,-0.02,90.0,0,11,1587.51,500.0,5.632,0.0,1.876,0.0,0.0,0.0,0.0,753.0,,Sprint of small group,3.6,1.0,🟢  Plat/Sprint,0
2022-04-04,2022,itzulia-basque-country,stage,1.0,Astana Qazaqstan Team,0,2.UWT,,,0.0,,,,,,,0.0,8.0,8.0,0.0,0.0,1.0,7.64,6.49,0.321,0.391,0.0,0.0,4.64,1.71,0.0,0.0,0.522,0.504,0.534,0.349,0.0,95.0,96.0,61.0,3.0,0.0,0.0,0.0,0.0,0.0,0.0,0.0,0.0,0.0,0.0,-0.2,-0.1,-1.04,38.0,-0.01,95.0,0,11,1587.51,50.0,0.0,0.0,0.0,0.0,0.0,0.0,0.0,736.0,,Time trial,2.6,1.0,🟢  Plat/Sprint,0
2022-04-05,2022,itzulia-basque-country,stage,2.0,Astana Qazaqstan Team,0,2.UWT,,,0.0,,,,,,,0.0,8.0,8.0,0.0,0.0,2.0,207.98,206.0,0.963,0.0,0.0,0.0,101.0,1.08,104.0,0.0,0.68,0.0,0.886,0.0,0.0,2625.0,2715.0,1052.0,319.0,4.0,2.0,2.0,0.0,0.0,0.9704,0.8409,0.8409,0.0,0.0,1.5,-1.27,-0.34,94.0,-0.05,733.0,0,11,1587.51,50.0,0.0,0.0,0.0,0.0,0.0,0.0,0.0,736.0,11.0,Sprint of large group,8.6,2.0,⛰️  Moy. montagne,0
2022-04-06,2022,itzulia-basque-country,stage,3.0,Astana Qazaqstan Team,0,2.UWT,,,0.0,,,,,,,0.0,8.0,8.0,0.0,0.0,3.0,179.97,164.0,14.2,0.0,1.49,0.0,115.0,10.4,53.7,0.413,0.0,0.0,0.0,0.639,0.0,3251.0,3171.0,721.0,124.0,10.0,0.0,3.0,0.0,0.0,0.9691,0.8614,0.8614,0.0,0.0,0.8,-2.33,-2.3,62.0,0.89,952.0,0,10,1437.9,50.0,0.0,0.0,0.0,0.0,0.0,0.0,0.0,736.0,13.0,Sprint of small group,8.6,2.0,⛰️  Moy. montagne,0
2022-04-07,2022,itzulia-basque-country,stage,4.0,Astana Qazaqstan Team,0,2.UWT,,,0.0,,,,,,,0.0,8.0,8.0,0.0,0.0,4.0,185.84,180.0,5.21,0.0,0.0,0.0,133.0,4.42,47.4,0.677,0.0,0.0,0.0,0.143,0.0,2705.0,3174.0,602.0,1.0,4.0,3.0,2.0,0.0,0.0,0.893,0.893,0.893,0.0,0.0,1.2,-0.33,-0.86,53.0,-0.76,274.0,0,10,1437.9,50.0,0.0,0.0,0.0,0.0,0.0,0.0,0.0,736.0,19.0,Sprint of large group,8.6,2.0,⛰️  Moy. montagne,0
2022-04-08,2022,itzulia-basque-country,stage,5.0,Astana Qazaqstan Team,0,2.UWT,,,0.0,,,,,,,0.0,8.0,8.0,0.0,0.0,5.0,162.98,162.0,0.305,0.604,0.0,0.0,146.0,1.6,14.4,0.197,0.366,0.0,0.438,0.0,0.0,3415.0,3172.0,558.0,4.0,2.0,7.0,2.0,0.0,0.0,0.9998,0.9998,0.9138,0.0,0.0,7.4,4.47,3.36,166.0,-0.07,1024.0,0,10,1437.9,50.0,0.152,0.0,0.036,0.0,0.036,0.0,0.0,736.0,17.0,14 km solo,2.6,2.0,⛰️  Moy. montagne,0
2022-04-09,2022,itzulia-basque-country,stage,6.0,Astana Qazaqstan Team,0,2.UWT,,,0.0,,,,,,,0.0,8.0,8.0,0.0,0.0,6.0,136.92,135.0,1.48,0.223,0.0,0.0,90.4,4.9,40.5,1.08,0.0,0.0,0.0,0.128,0.0,3597.0,3151.0,679.0,12.0,0.0,3.0,3.0,1.0,0.0,0.9932,0.9932,0.9932,0.4981,0.0,-4.2,0.67,4.1,239.0,0.94,1325.0,0,10,1437.9,50.0,0.0,0.0,0.0,0.0,0.0,0.0,0.0,736.0,13.0,Sprint of small group,2.6,2.0,⛰️  Moy. montagne,0
2022-04-10,2022,tour-of-turkey,stage,1.0,Astana Qazaqstan Team,0,2.Pro,,,0.0,,,,,,,0.0,5.0,5.0,0.0,0.0,1.0,201.57,200.0,0.978,0.0,0.224,0.0,21.9,0.439,179.0,0.0,0.0,0.0,0.288,0.301,0.0,1991.0,2041.0,379.0,0.0,4.0,2.0,1.0,0.0,0.0,0.94,0.7702,0.7702,0.0,0.0,-4.4,-0.2,-0.48,129.0,-0.05,466.0,0,9,1436.49,20.0,0.0,0.0,0.0,0.0,0.0,0.0,0.0,211.0,20.0,Sprint of large group,0.6,2.0,⛰️  Moy. montagne,0
2022-04-10,2022,amstel-gold-race,result,,Astana Qazaqstan Team,0,1.UWT,,,0.0,,,,,,,3.0,3.0,0.0,0.0,0.0,,249.64,227.0,17.1,3.95,0.117,0.0,121.0,8.85,0.0,77.3,1.95,0.0,2.42,1.31,0.0,3400.0,3320.0,326.0,42.0,13.0,2.0,0.0,0.0,0.0,0.9963,0.8025,0.0,0.0,0.0,-0.8,0.57,-0.24,99.0,0.06,384.0,0,9,1436.49,500.0,0.334,0.0,0.203,0.0,0.203,0.0,0.0,703.0,10.0,Sprint à deux,0.0,2.0,⛰️  Moy. montagne,0
2022-04-11,2022,tour-of-turkey,stage,2.0,Astana Qazaqstan Team,0,2.Pro,,,0.0,,,,,,,0.0,5.0,5.0,0.0,0.0,2.0,156.62,153.0,3.41,0.0,0.0,0.0,0.924,1.75,152.0,1.66,0.0,0.0,0.0,0.0,0.0,1487.0,1488.0,273.0,0.0,5.0,1.0,0.0,0.0,0.0,0.8528,0.8098,0.0,0.0,0.0,-1.1,-0.33,-0.14,145.0,0.05,456.0,0,8,1270.52,20.0,0.0,0.0,0.0,0.0,0.0,0.0,0.0,211.0,13.0,Sprint of large group,1.6,1.0,🟢  Plat/Sprint,0
2022-04-12,2022,tour-of-turkey,stage,3.0,Astana Qazaqstan Team,0,2.Pro,,,0.0,,,,,,,0.0,5.0,5.0,0.0,0.0,3.0,118.66,118.0,0.668,0.0,0.0,0.0,47.3,0.668,70.3,0.0,0.343,0.0,0.593,0.25,0.0,759.0,778.0,144.0,-2.0,3.0,0.0,0.0,0.0,0.0,0.6313,0.0,0.0,0.0,0.0,0.0,0.0,-0.16,24.0,0.03,503.0,0,7,1097.64,20.0,0.0,0.0,0.0,0.0,0.0,0.0,0.0,211.0,16.0,Sprint of large group,0.0,1.0,🟢  Plat/Sprint,0
2022-04-12,2022,giro-di-sicilia,stage,1.0,Astana Qazaqstan Team,1,2.1,FIN,60.0,0.0,36.0,0.0,,,,,0.0,113.0,108.0,0.0,0.0,1.0,198.78,196.0,1.34,0.397,0.0,0.0,57.5,0.662,140.0,0.0,0.277,0.0,0.372,0.0,0.0,1623.0,1555.0,201.0,-1.0,2.0,1.0,0.0,0.0,0.0,0.7717,0.1067,0.0,0.0,0.0,1.2,1.03,1.02,85.0,0.02,445.0,0,7,1097.64,14.0,0.0,0.0,0.0,0.0,0.0,0.0,0.0,102.0,16.0,Sprint of large group,0.0,1.0,🟢  Plat/Sprint,0
2022-04-13,2022,giro-di-sicilia,stage,2.0,Astana Qazaqstan Team,1,2.1,FIN,21.0,0.0,36.0,0.0,,,,,5.0,113.0,108.0,0.0,0.0,2.0,152.15,152.0,0.287,0.0,0.0,0.0,28.9,0.0,122.0,0.484,0.207,0.0,0.0,0.0,0.0,2351.0,1879.0,911.0,1.0,2.0,2.0,0.0,0.0,1.0,0.9998,0.9998,0.8001,0.8001,0.8001,5.2,1.27,2.94,337.0,0.52,606.0,0,7,1183.87,14.0,0.0,0.0,0.0,0.0,0.0,0.0,0.0,102.0,17.0,Sprint of small group,0.0,3.0,🏔️  Haute montagne,0
2022-04-13,2022,tour-of-turkey,stage,4.0,Astana Qazaqstan Team,0,2.Pro,,,0.0,,,,,,,0.0,5.0,5.0,0.0,0.0,4.0,148.13,142.0,6.4,0.0,0.0,0.0,48.6,0.199,99.1,0.612,0.0,0.0,0.0,0.0,0.0,1822.0,588.0,1236.0,0.0,1.0,0.0,0.0,0.0,1.0,0.9968,0.9968,0.9968,0.9968,0.9968,3.3,6.23,5.84,302.0,0.04,257.0,0,7,1183.87,20.0,0.0,0.0,0.0,0.0,0.0,0.0,0.0,211.0,16.0,4.5 km solo,1.0,3.0,🏔️  Haute montagne,0
2022-04-14,2022,giro-di-sicilia,stage,3.0,Astana Qazaqstan Team,1,2.1,FIN,45.0,0.0,36.0,0.0,,,,,0.0,113.0,108.0,0.0,0.0,3.0,170.81,170.0,0.0,0.0,0.0,0.0,55.2,0.0,115.0,0.0,0.976,0.0,0.976,0.0,0.0,2806.0,2120.0,702.0,2.0,5.0,1.0,1.0,1.0,0.0,0.9911,0.9911,0.9911,0.9911,0.0,0.6,1.33,1.84,201.0,0.79,801.0,0,8,1336.02,14.0,0.0,0.0,0.0,0.0,0.0,0.0,0.0,102.0,16.0,10.7 km solo,0.6,2.0,⛰️  Moy. montagne,0
2022-04-14,2022,tour-of-turkey,stage,5.0,Astana Qazaqstan Team,0,2.Pro,,,0.0,,,,,,,0.0,5.0,5.0,0.0,0.0,5.0,186.09,145.0,0.465,0.0,1.3,0.0,2.39,0.834,142.0,0.0,40.3,0.0,25.5,1.3,0.0,822.0,841.0,291.0,0.0,1.0,1.0,0.0,0.0,0.0,0.271,0.271,0.0,0.0,0.0,-0.5,-0.2,-0.02,54.0,0.29,343.0,0,8,1336.02,20.0,0.0,0.0,0.0,0.0,0.0,0.0,0.0,211.0,16.0,Sprint of large group,0.0,1.0,🟢  Plat/Sprint,0
2022-04-15,2022,tour-of-turkey,stage,6.0,Astana Qazaqstan Team,0,2.Pro,,,0.0,,,,,,,0.0,5.0,5.0,0.0,0.0,6.0,201.43,180.0,1.0,0.0,0.0,0.0,23.9,2.09,155.0,0.0,20.9,0.0,20.9,0.0,0.0,2123.0,1980.0,450.0,-6.0,5.0,0.0,1.0,0.0,0.0,0.9996,0.2232,0.2232,0.0,0.0,2.5,3.57,2.1,160.0,0.54,661.0,0,9,1506.83,20.0,0.0,0.0,0.0,0.0,0.0,0.0,0.0,211.0,18.0,Sprint of large group,0.6,2.0,⛰️  Moy. montagne,0
2022-04-15,2022,giro-di-sicilia,stage,4.0,Astana Qazaqstan Team,1,2.1,FIN,39.0,0.0,36.0,0.0,,,,,0.0,113.0,108.0,0.0,0.0,4.0,139.69,136.0,1.23,1.68,0.0,0.0,88.8,1.54,48.8,0.0,0.617,0.0,0.748,0.0,0.0,3562.0,2281.0,1800.0,17.0,1.0,1.0,2.0,0.0,1.0,0.9998,0.9998,0.9998,0.9998,0.9998,6.9,8.37,3.48,264.0,0.71,927.0,0,9,1506.83,14.0,0.872,0.0,0.0,0.0,0.0,0.0,0.0,102.0,15.0,1.4 km solo,1.0,3.0,🏔️  Haute montagne,0
2022-04-16,2022,tour-of-turkey,stage,7.0,Astana Qazaqstan Team,0,2.Pro,,,0.0,,,,,,,0.0,5.0,5.0,0.0,0.0,7.0,131.86,131.0,0.0,0.0,0.0,0.0,71.7,0.0,59.6,0.0,0.256,0.0,0.0,0.0,0.0,2236.0,2262.0,515.0,2.0,3.0,1.0,2.0,0.0,0.0,0.7753,0.7753,0.7753,0.0,0.0,-0.6,-0.1,-0.02,118.0,0.17,536.0,0,10,1646.52,20.0,0.0,0.0,0.0,0.0,0.0,0.0,0.0,211.0,16.0,0.7 km solo,0.6,2.0,⛰️  Moy. montagne,0
2022-04-17,2022,paris-roubaix,result,,Astana Qazaqstan Team,0,1.UWT,,,0.0,,,,,,,0.0,0.0,0.0,0.0,0.0,,256.82,201.0,2.08,51.4,0.756,0.701,169.0,14.1,45.9,17.9,0.9,0.0,0.996,9.55,0.313,1306.0,1333.0,161.0,15.0,1.0,0.0,0.0,0.0,0.0,0.2548,0.0,0.0,0.0,0.0,-0.3,-0.57,-0.08,27.0,0.08,302.0,0,10,1646.52,500.0,14.531,0.0,6.338,0.0,1.499,0.0,0.0,747.0,17.0,19.5 km solo,0.0,1.0,🟢  Plat/Sprint,0
2022-04-17,2022,tour-of-turkey,stage,8.0,Astana Qazaqstan Team,0,2.Pro,,,0.0,,,,,,,0.0,5.0,5.0,0.0,0.0,8.0,,,,,,,,,,,,,,,,,,,,0.0,0.0,0.0,0.0,0.0,,,,,,,,,,,,0,10,1646.52,,,,,,,,,211.0,,-,,,,0
2022-04-18,2022,tour-of-the-alps,stage,1.0,Astana Qazaqstan Team,0,2.Pro,,,0.0,,,,,,,0.0,46.0,16.0,0.0,0.0,1.0,161.28,135.0,9.24,1.2,2.5,0.0,126.0,6.77,10.5,1.29,14.6,0.411,13.9,2.7,0.225,3693.0,3665.0,1633.0,192.0,6.0,2.0,0.0,0.0,1.0,0.9917,0.8646,0.6846,0.6846,0.6846,-0.4,2.07,1.62,320.0,-0.48,774.0,0,10,1646.52,20.0,0.961,0.0,0.785,0.0,0.388,0.0,0.0,259.0,12.0,25.2 km solo,0.6,2.0,⛰️  Moy. montagne,0
2022-04-19,2022,tour-of-the-alps,stage,2.0,Astana Qazaqstan Team,0,2.Pro,,,0.0,,,,,,,0.0,46.0,16.0,0.0,0.0,2.0,154.17,131.0,21.6,0.334,0.0,0.0,40.6,0.154,110.0,2.54,1.25,0.0,1.36,0.202,0.0,3228.0,3657.0,1973.0,215.0,1.0,0.0,1.0,0.0,2.0,0.829,0.829,0.829,0.829,0.829,2.4,1.27,0.78,74.0,0.51,1307.0,0,10,1646.52,20.0,0.0,0.0,0.0,0.0,0.0,0.0,0.0,259.0,12.0,Sprint of small group,1.0,3.0,🏔️  Haute montagne,0
2022-04-20,2022,tour-of-the-alps,stage,3.0,Astana Qazaqstan Team,0,2.Pro,,,0.0,,,,,,,0.0,46.0,16.0,0.0,0.0,3.0,154.54,152.0,1.43,0.125,0.0,0.0,95.9,0.611,50.6,6.35,1.38,0.0,1.67,0.0,0.138,3287.0,2397.0,1762.0,240.0,1.0,2.0,1.0,0.0,1.0,0.9994,0.8363,0.8363,0.8363,0.8363,1.4,1.17,1.2,164.0,0.55,633.0,0,10,1646.52,20.0,0.0,0.0,0.0,0.0,0.0,0.0,0.0,259.0,10.0,? km solo,3.2,2.0,⛰️  Moy. montagne,0
2022-04-20,2022,la-fleche-wallonne,result,,Astana Qazaqstan Team,0,1.UWT,,,0.0,,,,,,,16.0,16.0,0.0,0.0,0.0,,202.0,197.0,4.3,0.196,0.0,0.0,158.0,4.52,31.2,8.66,0.0,0.0,0.0,0.0,0.0,3160.0,3130.0,328.0,70.0,9.0,6.0,0.0,0.0,0.0,0.9998,0.8612,0.0,0.0,0.0,11.8,3.9,0.88,266.0,0.18,687.0,0,10,1646.52,400.0,0.0,0.0,0.0,0.0,0.0,0.0,0.0,949.0,14.0,Sprint à deux,0.0,2.0,⛰️  Moy. montagne,0
2022-04-21,2022,tour-of-the-alps,stage,4.0,Astana Qazaqstan Team,0,2.Pro,,,0.0,,,,,,,20.0,46.0,16.0,0.0,0.0,4.0,142.88,141.0,1.58,0.0,0.0,0.0,30.6,0.464,111.0,1.19,0.0,0.0,0.0,0.0,0.0,2384.0,2236.0,1543.0,621.0,2.0,1.0,1.0,1.0,0.0,0.9994,0.9994,0.9994,0.9994,0.0,3.8,3.03,3.8,190.0,-0.13,649.0,0,10,1646.52,20.0,0.0,0.0,0.0,0.0,0.0,0.0,0.0,259.0,10.0,0.9 km solo,1.0,3.0,🏔️  Haute montagne,0
2022-04-22,2022,tour-of-the-alps,stage,5.0,Astana Qazaqstan Team,0,2.Pro,,,0.0,,,,,,,10.0,46.0,16.0,0.0,0.0,5.0,114.05,111.0,1.66,0.0,0.0,0.0,73.2,6.28,34.6,0.0,0.0,0.0,1.83,0.0,0.0,2446.0,2384.0,1438.0,628.0,1.0,1.0,2.0,0.0,1.0,0.9114,0.9114,0.9114,0.4046,0.4046,6.0,2.17,0.46,506.0,1.53,1219.0,0,9,1483.59,20.0,0.0,0.0,0.0,0.0,0.0,0.0,0.0,259.0,9.0,Sprint à deux,5.0,3.0,🏔️  Haute montagne,0
2022-04-24,2022,liege-bastogne-liege,result,,Astana Qazaqstan Team,0,1.UWT,,,0.0,,,,,,,25.0,25.0,0.0,0.0,0.0,,257.01,250.0,6.12,0.479,0.0,0.0,181.0,5.35,60.3,10.3,0.633,0.0,0.786,0.137,0.0,4256.0,4279.0,568.0,63.0,8.0,8.0,2.0,0.0,0.0,0.9552,0.9552,0.7769,0.0,0.0,-0.3,-2.47,-3.28,3.0,0.23,689.0,0,7,1170.21,500.0,0.0,0.0,0.0,0.0,0.0,0.0,0.0,1085.0,14.0,14.4 km solo,3.2,2.0,⛰️  Moy. montagne,0
2022-04-26,2022,tour-de-romandie,prologue,,Astana Qazaqstan Team,0,2.UWT,,,0.0,,,,,,,0.0,36.0,36.0,0.0,0.0,,5.25,3.38,0.0,0.0,0.0,0.0,1.3,0.283,0.0,1.71,1.73,0.0,1.73,0.0,0.0,39.0,35.0,621.0,595.0,0.0,0.0,0.0,0.0,0.0,0.0,0.0,0.0,0.0,0.0,-0.1,0.07,0.18,39.0,0.08,39.0,0,5,853.4200000000001,60.0,0.0,0.0,0.0,0.0,0.0,0.0,0.0,,,,0.0,0.0,⏱️  CLM,0
2022-04-27,2022,tour-de-romandie,stage,1.0,Astana Qazaqstan Team,0,2.UWT,,,0.0,,,,,,,0.0,36.0,36.0,0.0,0.0,1.0,181.74,172.0,9.27,0.0,0.0,0.0,154.0,4.82,7.03,15.0,0.699,0.142,0.935,0.478,0.0,2729.0,2406.0,854.0,434.0,7.0,3.0,1.0,0.0,0.0,0.9998,0.8935,0.4576,0.0,0.0,7.0,1.33,-0.06,134.0,0.33,558.0,0,4,661.4300000000001,60.0,0.0,0.0,0.0,0.0,0.0,0.0,0.0,508.0,15.0,Other,8.2,2.0,⛰️  Moy. montagne,0
2022-04-27,2022,tour-of-hellas,stage,1.0,Astana Qazaqstan Development Team,0,2.1,,,0.0,,,,,,,0.0,0.0,0.0,0.0,0.0,1.0,179.6,178.0,0.187,0.441,0.489,0.0,120.0,0.921,58.2,0.0,0.385,0.0,0.385,0.0,0.0,2943.0,2979.0,656.0,1.0,2.0,4.0,2.0,0.0,0.0,0.9137,0.9137,0.9137,0.0,0.0,-1.2,-0.4,-0.62,9.0,1.11,1149.0,1,4,661.4300000000001,14.0,0.0,0.0,0.0,0.0,0.0,0.0,0.0,63.0,22.0,? km solo,0.6,2.0,⛰️  Moy. montagne,0
2022-04-28,2022,tour-de-romandie,stage,2.0,Astana Qazaqstan Team,0,2.UWT,,,0.0,,,,,,,0.0,36.0,36.0,0.0,0.0,2.0,168.82,167.0,1.82,0.0,0.0,0.0,160.0,0.255,6.08,2.35,0.0,0.0,0.0,0.0,0.0,2327.0,2362.0,885.0,438.0,0.0,3.0,2.0,0.0,0.0,0.946,0.946,0.8042,0.0,0.0,0.4,-0.67,-0.16,231.0,-0.04,692.0,0,4,661.4300000000001,60.0,0.0,0.0,0.0,0.0,0.0,0.0,0.0,508.0,18.0,Sprint of large group,8.2,2.0,⛰️  Moy. montagne,0
2022-04-28,2022,tour-of-hellas,stage,2.0,Astana Qazaqstan Development Team,0,2.1,,,0.0,,,,,,,0.0,0.0,0.0,0.0,0.0,2.0,165.1,164.0,0.843,0.619,0.0,0.0,86.0,0.0,79.2,0.0,0.0,0.0,0.0,0.0,0.0,1909.0,2095.0,784.0,0.0,1.0,0.0,2.0,0.0,0.0,0.897,0.897,0.897,0.0,0.0,-0.1,-0.4,-1.92,0.0,0.32,803.0,1,4,661.4300000000001,14.0,0.0,0.0,0.0,0.0,0.0,0.0,0.0,63.0,25.0,Sprint of large group,0.6,2.0,⛰️  Moy. montagne,0
2022-04-29,2022,tour-de-romandie,stage,3.0,Astana Qazaqstan Team,0,2.UWT,,,0.0,,,,,,,0.0,36.0,36.0,0.0,0.0,3.0,165.17,158.0,7.61,0.0,0.0,0.0,152.0,2.57,9.88,0.897,0.0,0.0,0.0,0.0,0.0,2441.0,2442.0,777.0,441.0,5.0,4.0,1.0,0.0,0.0,0.9565,0.9565,0.726,0.0,0.0,0.5,-1.07,-2.64,216.0,0.06,614.0,0,4,661.4300000000001,60.0,0.0,0.0,0.0,0.0,0.0,0.0,0.0,508.0,19.0,Sprint of large group,8.2,2.0,⛰️  Moy. montagne,0
2022-04-29,2022,tour-of-hellas,stage,3.0,Astana Qazaqstan Development Team,0,2.1,,,0.0,,,,,,,0.0,0.0,0.0,0.0,0.0,3.0,171.71,169.0,2.52,0.0,0.0,0.0,95.9,2.23,73.5,0.0,0.0,0.0,0.0,0.0,0.0,2296.0,2289.0,880.0,7.0,0.0,1.0,1.0,0.0,1.0,0.6681,0.6681,0.6681,0.193,0.193,-0.3,-0.13,-0.28,2.0,1.01,1182.0,1,4,661.4300000000001,14.0,0.0,0.0,0.0,0.0,0.0,0.0,0.0,63.0,18.0,Sprint of small group,0.6,2.0,⛰️  Moy. montagne,0
2022-04-30,2022,tour-of-hellas,stage,4.0,Astana Qazaqstan Development Team,0,2.1,,,0.0,,,,,,,0.0,0.0,0.0,0.0,0.0,4.0,174.36,167.0,0.79,0.0,0.685,0.0,119.0,0.697,48.3,0.0,6.57,0.0,6.4,0.685,0.0,1436.0,1491.0,940.0,65.0,1.0,1.0,0.0,0.0,1.0,0.6929,0.6929,0.1932,0.1932,0.1932,0.0,0.03,-0.16,6.0,-0.03,978.0,1,4,661.4300000000001,14.0,0.0,0.0,0.0,0.0,0.0,0.0,0.0,63.0,20.0,Sprint of large group,0.6,2.0,⛰️  Moy. montagne,0
2022-04-30,2022,tour-de-romandie,stage,4.0,Astana Qazaqstan Team,0,2.UWT,,,0.0,,,,,,,0.0,36.0,36.0,0.0,0.0,4.0,179.75,173.0,4.78,0.0,0.141,0.0,153.0,3.13,9.76,11.3,1.97,0.0,2.31,0.472,0.141,4157.0,2905.0,1664.0,407.0,3.0,1.0,0.0,1.0,2.0,0.9997,0.9997,0.9997,0.9997,0.9997,6.8,4.17,3.5,206.0,0.17,267.0,0,4,661.4300000000001,60.0,0.0,0.0,0.0,0.0,0.0,0.0,0.0,508.0,14.0,Sprint of small group,6.0,3.0,🏔️  Haute montagne,0
2022-05-01,2022,tour-de-romandie,stage,5.0,Astana Qazaqstan Team,0,2.UWT,,,0.0,,,,,,,0.0,36.0,36.0,0.0,0.0,5.0,15.74,15.3,0.478,0.0,0.0,0.0,11.6,0.128,2.89,0.967,0.0,0.0,0.0,0.134,0.0,883.0,11.0,1256.0,383.0,0.0,0.0,0.0,0.0,1.0,0.9968,0.9968,0.9968,0.9968,0.9968,6.2,7.97,7.54,593.0,5.54,883.0,0,4,661.4300000000001,60.0,0.0,0.0,0.0,0.0,0.0,0.0,0.0,508.0,,Time trial,6.0,3.0,🏔️  Haute montagne,0
2022-05-01,2022,tour-of-hellas,stage,5.0,Astana Qazaqstan Development Team,0,2.1,,,0.0,,,,,,,0.0,0.0,0.0,0.0,0.0,5.0,154.66,154.0,0.343,0.0,0.0,0.0,36.5,0.0,118.0,0.343,0.0,0.0,0.0,0.0,0.0,3075.0,2825.0,1693.0,201.0,2.0,1.0,1.0,0.0,1.0,0.8222,0.8222,0.8222,0.4679,0.4679,0.0,-0.23,-0.18,11.0,1.07,1147.0,1,4,661.4300000000001,14.0,0.0,0.0,0.0,0.0,0.0,0.0,0.0,63.0,15.0,Sprint of small group,0.6,2.0,⛰️  Moy. montagne,0
2022-05-06,2022,giro-d-italia,stage,1.0,Astana Qazaqstan Team,0,2.UWT,,,0.0,,,,,,,0.0,552.0,540.0,0.0,0.0,1.0,195.24,187.0,4.8,0.292,0.0,0.0,63.8,2.37,119.0,6.66,3.3,0.0,0.651,0.0,0.0,1388.0,1155.0,337.0,99.0,2.0,1.0,0.0,0.0,0.0,0.9989,0.9989,0.0,0.0,0.0,4.3,4.47,4.28,253.0,0.11,245.0,0,4,661.4300000000001,100.0,0.0,0.0,0.0,0.0,0.0,0.0,0.0,817.0,23.0,Sprint of large group,0.0,1.0,🟢  Plat/Sprint,0
2022-05-07,2022,giro-d-italia,stage,2.0,Astana Qazaqstan Team,0,2.UWT,,,0.0,,,,,,,0.0,552.0,540.0,0.0,0.0,2.0,9.35,7.77,0.354,0.897,0.0,0.0,3.83,1.9,0.0,2.33,0.618,0.0,0.618,0.642,0.0,81.0,21.0,166.0,98.0,0.0,0.0,0.0,0.0,0.0,0.0,0.0,0.0,0.0,0.0,4.0,2.27,1.28,81.0,0.64,81.0,0,4,661.4300000000001,100.0,0.0,0.0,0.0,0.0,0.0,0.0,0.0,817.0,,Time trial,0.0,1.0,🟢  Plat/Sprint,0
2022-05-08,2022,giro-d-italia,stage,3.0,Astana Qazaqstan Team,0,2.UWT,,,0.0,,,,,,,0.0,552.0,540.0,0.0,0.0,3.0,201.17,198.0,1.69,0.789,0.483,0.0,70.8,1.62,121.0,6.77,0.0,0.0,0.408,1.16,0.297,1150.0,1185.0,238.0,101.0,2.0,0.0,0.0,0.0,0.0,0.8175,0.0,0.0,0.0,0.0,-0.2,0.17,-0.1,105.0,0.05,203.0,0,4,661.4300000000001,100.0,0.531,0.0,0.531,0.0,0.531,0.0,0.0,817.0,19.0,Sprint of large group,0.0,1.0,🟢  Plat/Sprint,0
2022-05-10,2022,giro-d-italia,stage,4.0,Astana Qazaqstan Team,0,2.UWT,,,0.0,,,,,,,0.0,552.0,540.0,0.0,0.0,4.0,171.78,169.0,0.0,2.27,0.0,0.0,152.0,0.167,18.2,0.0,0.511,0.0,0.511,0.776,0.0,3591.0,1738.0,1902.0,35.0,2.0,0.0,0.0,0.0,2.0,0.9912,0.9912,0.9912,0.9912,0.9912,0.0,4.4,4.34,328.0,1.68,1216.0,0,4,661.4300000000001,100.0,1.342,0.0,0.0,0.0,0.0,0.0,0.0,817.0,18.0,Sprint à deux,6.0,3.0,🏔️  Haute montagne,0
2022-05-11,2022,giro-d-italia,stage,5.0,Astana Qazaqstan Team,0,2.UWT,,,0.0,,,,,,,0.0,552.0,540.0,0.0,0.0,5.0,173.88,171.0,0.137,2.43,0.0,0.0,78.6,0.0,92.9,1.68,0.974,0.0,0.974,0.0,0.0,1938.0,1964.0,1134.0,1.0,1.0,1.0,0.0,0.0,1.0,0.8923,0.4288,0.4288,0.4288,0.4288,-1.2,-0.33,-0.04,41.0,0.27,557.0,0,4,661.4300000000001,100.0,0.051,0.0,0.051,0.0,0.051,0.0,0.0,817.0,20.0,Sprint of large group,5.0,2.0,⛰️  Moy. montagne,0
2022-05-11,2022,tour-de-hongrie,stage,1.0,Astana Qazaqstan Team,0,2.1,,,0.0,,,,,,,0.0,70.0,70.0,0.0,0.0,1.0,197.08,197.0,0.0,0.0,0.0,0.0,139.0,1.97,48.8,7.72,0.0,0.0,0.0,0.0,0.0,1617.0,1652.0,300.0,112.0,3.0,1.0,0.0,0.0,0.0,0.8707,0.8707,0.0,0.0,0.0,-0.2,-0.67,-0.98,88.0,0.06,452.0,0,4,661.4300000000001,14.0,0.0,0.0,0.0,0.0,0.0,0.0,0.0,175.0,27.0,Sprint of large group,5.0,2.0,⛰️  Moy. montagne,0
2022-05-12,2022,tour-de-hongrie,stage,2.0,Astana Qazaqstan Team,0,2.1,,,0.0,,,,,,,0.0,70.0,70.0,0.0,0.0,2.0,191.79,188.0,2.28,0.0,0.781,0.0,109.0,7.17,73.6,1.83,0.0,0.0,0.612,0.781,0.0,217.0,213.0,113.0,83.0,0.0,0.0,0.0,0.0,0.0,0.0,0.0,0.0,0.0,0.0,-0.2,0.07,-0.02,61.0,0.0,51.0,0,4,661.4300000000001,14.0,0.0,0.0,0.0,0.0,0.0,0.0,0.0,175.0,28.0,Sprint of large group,0.0,1.0,🟢  Plat/Sprint,0
2022-05-12,2022,giro-d-italia,stage,6.0,Astana Qazaqstan Team,0,2.UWT,,,0.0,,,,,,,0.0,552.0,540.0,0.0,0.0,6.0,192.05,192.0,0.483,0.0,0.0,0.0,3.24,0.0,189.0,0.0,0.0,0.0,0.0,0.0,0.0,1458.0,1490.0,515.0,0.0,2.0,0.0,1.0,0.0,0.0,0.8154,0.2039,0.2039,0.0,0.0,0.0,0.1,0.06,34.0,0.17,602.0,0,4,661.4300000000001,100.0,0.0,0.0,0.0,0.0,0.0,0.0,0.0,817.0,21.0,Sprint of large group,0.0,2.0,⛰️  Moy. montagne,0
2022-05-13,2022,giro-d-italia,stage,7.0,Astana Qazaqstan Team,0,2.UWT,,,0.0,,,,,,,0.0,552.0,540.0,0.0,0.0,7.0,196.44,180.0,15.9,0.0,0.0,0.0,153.0,1.25,40.9,0.783,0.636,0.0,0.721,0.0,0.0,4728.0,4013.0,1414.0,0.0,4.0,1.0,2.0,0.0,2.0,0.9694,0.8692,0.8692,0.6619,0.6619,3.3,0.2,-0.94,68.0,1.03,1059.0,0,3,462.65,100.0,0.0,0.0,0.0,0.0,0.0,0.0,0.0,817.0,19.0,Sprint of small group,6.0,3.0,🏔️  Haute montagne,0
2022-05-13,2022,tour-de-hongrie,stage,3.0,Astana Qazaqstan Team,0,2.1,,,0.0,,,,,,,0.0,70.0,70.0,0.0,0.0,3.0,152.56,143.0,7.94,0.0,0.839,0.0,83.9,3.25,54.7,9.31,0.0,0.0,1.05,1.69,0.0,673.0,663.0,280.0,91.0,0.0,1.0,0.0,0.0,0.0,0.1597,0.1597,0.0,0.0,0.0,0.0,-0.07,0.04,41.0,0.05,368.0,0,3,462.65,14.0,0.0,0.0,0.0,0.0,0.0,0.0,0.0,175.0,20.0,Sprint of large group,0.0,1.0,🟢  Plat/Sprint,0
2022-05-14,2022,giro-d-italia,stage,8.0,Astana Qazaqstan Team,0,2.UWT,,,0.0,,,,,,,0.0,552.0,540.0,0.0,0.0,8.0,153.75,141.0,2.51,0.0,0.0,0.0,116.0,2.51,24.0,0.614,8.41,0.0,10.6,1.99,0.0,2243.0,2243.0,161.0,0.0,12.0,1.0,0.0,0.0,0.0,0.9513,0.9513,0.0,0.0,0.0,-0.1,-0.07,-1.68,47.0,0.14,591.0,0,2,310.5,100.0,0.0,0.0,0.0,0.0,0.0,0.0,0.0,817.0,22.0,Sprint of small group,0.0,2.0,⛰️  Moy. montagne,0
2022-05-14,2022,tour-de-hongrie,stage,4.0,Astana Qazaqstan Team,0,2.1,,,0.0,,,,,,,0.0,70.0,70.0,0.0,0.0,4.0,177.65,176.0,2.01,0.0,0.0,0.0,139.0,0.159,37.6,1.23,0.0,0.0,0.0,0.0,0.0,1322.0,1308.0,388.0,130.0,5.0,3.0,0.0,0.0,0.0,0.918,0.869,0.0,0.0,0.0,1.2,0.4,0.22,17.0,0.07,325.0,0,2,310.5,14.0,0.0,0.0,0.0,0.0,0.0,0.0,0.0,175.0,23.0,Sprint of large group,0.0,2.0,⛰️  Moy. montagne,0
2022-05-15,2022,giro-d-italia,stage,9.0,Astana Qazaqstan Team,0,2.UWT,,,0.0,,,,,,,0.0,552.0,540.0,0.0,0.0,9.0,191.4,191.0,0.211,0.0,0.0,0.0,85.8,0.243,104.0,0.0,0.446,0.0,0.193,0.0,0.0,5080.0,3891.0,1664.0,91.0,1.0,3.0,0.0,0.0,3.0,0.9999,0.9999,0.9999,0.9999,0.9999,4.7,7.37,8.64,571.0,1.5,1415.0,0,1,139.69,100.0,0.0,0.0,0.0,0.0,0.0,0.0,0.0,817.0,22.0,Sprint of small group,2.0,3.0,🏔️  Haute montagne,0
2022-05-15,2022,tour-de-hongrie,stage,5.0,Astana Qazaqstan Team,0,2.1,,,0.0,,,,,,,0.0,70.0,70.0,0.0,0.0,5.0,182.89,183.0,0.0,0.0,0.115,0.0,115.0,0.187,65.5,2.56,0.0,0.0,0.187,0.0,0.0,3057.0,2267.0,992.0,138.0,2.0,0.0,2.0,0.0,1.0,0.9998,0.9998,0.9998,0.9998,0.9998,8.1,8.13,6.54,379.0,-0.07,748.0,0,1,139.69,14.0,0.0,0.0,0.0,0.0,0.0,0.0,0.0,175.0,21.0,Sprint à deux,0.0,3.0,🏔️  Haute montagne,0
2022-05-17,2022,giro-d-italia,stage,10.0,Astana Qazaqstan Team,0,2.UWT,,,0.0,,,,,,,0.0,552.0,540.0,0.0,0.0,10.0,194.39,190.0,0.636,0.0,0.351,0.906,70.8,0.954,118.0,0.54,2.71,0.0,3.04,1.64,0.0,1756.0,1664.0,286.0,1.0,4.0,4.0,0.0,0.0,0.0,0.9492,0.9492,0.0,0.0,0.0,2.1,-1.23,-1.32,72.0,0.01,79.0,0,0,0.0,100.0,0.0,0.0,0.0,0.0,0.0,0.0,0.0,817.0,25.0,Sprint of small group,0.0,2.0,⛰️  Moy. montagne,0
2022-05-18,2022,giro-d-italia,stage,11.0,Astana Qazaqstan Team,0,2.UWT,,,0.0,,,,,,,0.0,552.0,540.0,0.0,0.0,11.0,203.04,198.0,3.08,0.732,0.0,0.0,59.6,3.14,127.0,10.8,1.49,0.0,1.49,0.377,0.145,340.0,318.0,77.0,14.0,0.0,0.0,0.0,0.0,0.0,0.0,0.0,0.0,0.0,0.0,-0.4,0.07,0.1,20.0,0.01,74.0,0,0,0.0,100.0,0.0,0.0,0.0,0.0,0.0,0.0,0.0,817.0,26.0,Sprint of large group,0.0,1.0,🟢  Plat/Sprint,0
2022-05-19,2022,giro-d-italia,stage,12.0,Astana Qazaqstan Team,0,2.UWT,,,0.0,,,,,,,0.0,552.0,540.0,0.0,0.0,12.0,202.48,191.0,5.18,0.0,0.0,0.0,68.0,1.57,107.0,20.9,5.39,0.299,6.84,0.609,0.0,2735.0,2793.0,957.0,4.0,1.0,0.0,2.0,0.0,1.0,0.9467,0.849,0.849,0.4246,0.4246,1.6,0.33,0.34,38.0,0.57,466.0,0,0,0.0,100.0,0.0,0.0,0.0,0.0,0.0,0.0,0.0,817.0,23.0,Sprint of small group,0.0,2.0,⛰️  Moy. montagne,0
2022-05-20,2022,giro-d-italia,stage,13.0,Astana Qazaqstan Team,0,2.UWT,,,0.0,,,,,,,0.0,552.0,540.0,0.0,0.0,13.0,150.77,149.0,0.529,0.618,0.0,0.0,20.8,0.397,124.0,4.19,0.415,0.0,0.0,0.866,0.0,1808.0,1270.0,939.0,4.0,1.0,2.0,0.0,0.0,1.0,0.9997,0.9997,0.4615,0.4615,0.4615,1.1,1.47,0.58,50.0,1.25,879.0,0,0,0.0,100.0,0.569,0.0,0.569,0.0,0.569,0.0,0.0,817.0,24.0,Sprint of large group,0.0,2.0,⛰️  Moy. montagne,0
2022-05-21,2022,giro-d-italia,stage,14.0,Astana Qazaqstan Team,0,2.UWT,,,0.0,,,,,,,12.0,552.0,540.0,0.0,0.0,14.0,147.46,141.0,3.31,0.268,2.2,0.0,117.0,13.9,16.1,0.0,0.179,0.0,0.179,0.0,0.0,3167.0,3198.0,691.0,201.0,5.0,3.0,3.0,0.0,0.0,0.9668,0.9102,0.9102,0.0,0.0,-1.8,-4.53,-2.04,87.0,0.16,679.0,0,0,0.0,100.0,0.0,0.0,0.0,0.0,0.0,0.0,0.0,817.0,29.0,4.6 km solo,0.0,2.0,⛰️  Moy. montagne,0
2022-05-22,2022,giro-d-italia,stage,15.0,Astana Qazaqstan Team,0,2.UWT,,,0.0,,,,,,,0.0,552.0,540.0,0.0,0.0,15.0,177.36,173.0,2.47,1.29,0.0,0.0,136.0,1.05,38.9,0.69,0.53,0.0,0.563,0.172,0.0,4019.0,2687.0,1622.0,238.0,3.0,0.0,0.0,0.0,3.0,0.9999,0.9999,0.9999,0.9999,0.9999,2.4,2.63,2.76,192.0,0.13,379.0,0,0,0.0,100.0,0.574,0.0,0.574,0.0,0.519,0.0,0.0,817.0,26.0,18.8 km solo,0.0,3.0,🏔️  Haute montagne,0
2022-05-24,2022,giro-d-italia,stage,16.0,Astana Qazaqstan Team,0,2.UWT,,,0.0,,,,,,,0.0,552.0,540.0,0.0,0.0,16.0,202.1,194.0,5.99,0.292,1.21,0.0,146.0,1.33,52.6,0.0,0.597,0.0,0.597,1.18,0.0,5268.0,4345.0,1932.0,252.0,0.0,0.0,1.0,0.0,3.0,0.9715,0.9715,0.9715,0.9715,0.9715,1.5,-3.7,-4.1,27.0,2.26,1364.0,0,0,0.0,100.0,0.0,0.0,0.0,0.0,0.0,0.0,0.0,817.0,20.0,7.9 km solo,0.0,3.0,🏔️  Haute montagne,0
2022-05-25,2022,giro-d-italia,stage,17.0,Astana Qazaqstan Team,0,2.UWT,,,0.0,,,,,,,0.0,552.0,540.0,0.0,0.0,17.0,168.04,166.0,0.693,0.445,0.0,0.0,71.0,1.59,92.0,2.85,0.839,0.0,1.01,0.143,0.0,3950.0,4121.0,1876.0,209.0,3.0,2.0,1.0,0.0,2.0,0.968,0.968,0.968,0.968,0.968,1.7,-3.2,-1.98,42.0,-1.4,757.0,0,0,0.0,100.0,0.0,0.0,0.0,0.0,0.0,0.0,0.0,817.0,16.0,8.2 km solo,2.4,2.0,⛰️  Moy. montagne,0
2022-05-26,2022,giro-d-italia,stage,18.0,Astana Qazaqstan Team,0,2.UWT,,,0.0,,,,,,,0.0,552.0,540.0,0.0,0.0,18.0,156.04,139.0,6.46,0.0,1.38,0.944,84.4,4.98,46.1,10.3,8.58,0.0,9.01,2.47,0.0,1222.0,1562.0,422.0,13.0,5.0,1.0,0.0,0.0,0.0,0.7421,0.5478,0.0,0.0,0.0,-0.2,-0.1,-0.16,16.0,-0.19,483.0,0,0,0.0,100.0,0.0,0.0,0.0,0.0,0.0,0.0,0.0,817.0,25.0,Sprint of small group,0.0,1.0,🟢  Plat/Sprint,0
2022-05-27,2022,giro-d-italia,stage,19.0,Astana Qazaqstan Team,0,2.UWT,,,0.0,,,,,,,0.0,552.0,540.0,0.0,0.0,19.0,178.53,173.0,4.93,0.846,0.0,0.0,153.0,2.16,23.5,0.498,0.0,0.0,0.585,0.0,0.0,3487.0,2912.0,1145.0,2.0,1.0,1.0,1.0,1.0,1.0,0.9998,0.9998,0.9998,0.676,0.676,6.6,7.57,5.52,303.0,0.32,215.0,0,0,0.0,100.0,0.392,0.0,0.392,0.0,0.392,0.0,0.0,817.0,27.0,Sprint of small group,0.0,3.0,🏔️  Haute montagne,0
2022-05-28,2022,giro-d-italia,stage,20.0,Astana Qazaqstan Team,0,2.UWT,,,0.0,,,,,,,0.0,552.0,540.0,0.0,0.0,20.0,169.32,169.0,0.0,0.239,0.0,0.0,50.6,0.0,118.0,0.0,0.392,0.0,0.451,0.249,0.0,4728.0,3037.0,2236.0,288.0,1.0,1.0,0.0,1.0,2.0,0.9999,0.9999,0.9999,0.9999,0.9999,10.8,11.07,11.0,492.0,0.37,854.0,0,0,0.0,100.0,0.0,0.0,0.0,0.0,0.0,0.0,0.0,817.0,16.0,53.7 km solo,0.0,3.0,🏔️  Haute montagne,0
2022-05-29,2022,giro-d-italia,stage,21.0,Astana Qazaqstan Team,0,2.UWT,,,0.0,,,,,,,0.0,552.0,540.0,0.0,0.0,21.0,17.41,15.5,1.27,0.74,0.0,0.0,12.3,0.804,1.2,2.65,0.0,0.0,0.0,0.335,0.12,254.0,259.0,298.0,55.0,0.0,1.0,0.0,0.0,0.0,0.5472,0.5472,0.0,0.0,0.0,0.0,-0.23,-1.7,6.0,-0.03,254.0,0,0,0.0,100.0,0.733,0.0,0.733,0.0,0.733,0.0,0.0,817.0,,-,0.0,1.0,🟢  Plat/Sprint,0
2022-06-04,2022,adriatica-ionica-race,stage,1.0,Astana Qazaqstan Team,0,2.1,,,0.0,,,,,,,0.0,73.0,70.0,0.0,0.0,1.0,0.0,156.0,13.9,0.165,0.0,0.0,86.2,3.92,76.6,3.22,0.0,0.0,0.0,0.0,0.0,0.0,0.0,0.0,0.0,0.0,0.0,0.0,0.0,0.0,0.0,0.0,0.0,0.0,0.0,0.0,0.0,0.0,0.0,0.0,0.0,0,0,0.0,14.0,0.0,0.0,0.0,0.0,0.0,0.0,0.0,57.0,27.0,Sprint of small group,0.0,1.0,🟢  Plat/Sprint,0
2022-06-05,2022,adriatica-ionica-race,stage,2.0,Astana Qazaqstan Team,0,2.1,,,0.0,,,,,,,3.0,73.0,70.0,0.0,0.0,2.0,0.0,154.0,3.65,0.0,0.0,0.0,126.0,1.81,27.9,2.05,0.0,0.0,0.338,0.44,0.0,0.0,0.0,0.0,0.0,0.0,0.0,0.0,0.0,0.0,0.0,0.0,0.0,0.0,0.0,0.0,0.0,0.0,0.0,0.0,0.0,0,0,0.0,14.0,0.0,0.0,0.0,0.0,0.0,0.0,0.0,57.0,28.0,Sprint of small group,0.0,3.0,🏔️  Haute montagne,0
2022-06-05,2022,tour-auvergne-rhone-alpes,stage,1.0,Astana Qazaqstan Team,0,2.UWT,,,0.0,,,,,,,0.0,33.0,33.0,0.0,0.0,1.0,192.46,192.0,0.0,0.0,0.0,0.0,76.3,0.0,111.0,4.96,0.0,0.0,0.0,0.0,0.0,2473.0,2484.0,841.0,91.0,1.0,0.0,2.0,1.0,0.0,0.8671,0.8671,0.8671,0.2641,0.0,0.0,0.1,0.06,22.0,1.21,1092.0,0,0,0.0,60.0,0.0,0.0,0.0,0.0,0.0,0.0,0.0,789.0,25.0,Sprint of large group,2.4,2.0,⛰️  Moy. montagne,0
2022-06-06,2022,adriatica-ionica-race,stage,3.0,Astana Qazaqstan Team,0,2.1,,,0.0,,,,,,,0.0,73.0,70.0,0.0,0.0,3.0,0.0,134.0,0.232,1.13,0.252,0.182,120.0,1.23,11.6,1.93,0.776,0.0,0.824,0.567,0.394,0.0,0.0,0.0,0.0,0.0,0.0,0.0,0.0,0.0,0.0,0.0,0.0,0.0,0.0,0.0,0.0,0.0,0.0,0.0,0.0,0,0,0.0,14.0,0.0,0.0,0.0,0.0,0.0,0.0,0.0,57.0,28.0,13.5 km solo,2.4,2.0,⛰️  Moy. montagne,0
2022-06-06,2022,tour-auvergne-rhone-alpes,stage,2.0,Astana Qazaqstan Team,0,2.UWT,,,0.0,,,,,,,0.0,33.0,33.0,0.0,0.0,2.0,170.47,169.0,0.673,0.0,0.0,0.0,113.0,0.259,54.5,2.21,0.0,0.0,0.0,0.0,0.0,2956.0,2466.0,1450.0,115.0,3.0,0.0,1.0,0.0,1.0,0.9509,0.7926,0.7926,0.7926,0.7926,0.7,-0.53,-1.08,35.0,0.68,745.0,0,0,0.0,60.0,0.0,0.0,0.0,0.0,0.0,0.0,0.0,789.0,25.0,Sprint of small group,2.4,2.0,⛰️  Moy. montagne,0
2022-06-07,2022,adriatica-ionica-race,stage,4.0,Astana Qazaqstan Team,0,2.1,,,0.0,,,,,,,0.0,73.0,70.0,0.0,0.0,4.0,0.0,157.0,2.32,0.0,0.0,0.0,113.0,2.42,42.6,1.61,0.0,0.0,0.0,0.0,0.0,0.0,0.0,0.0,0.0,0.0,0.0,0.0,0.0,0.0,0.0,0.0,0.0,0.0,0.0,0.0,0.0,0.0,0.0,0.0,0.0,0,0,0.0,14.0,0.0,0.0,0.0,0.0,0.0,0.0,0.0,57.0,28.0,10.5 km solo,2.4,2.0,⛰️  Moy. montagne,0
2022-06-07,2022,tour-auvergne-rhone-alpes,stage,3.0,Astana Qazaqstan Team,0,2.UWT,,,0.0,,,,,,,0.0,33.0,33.0,0.0,0.0,3.0,169.64,169.0,0.512,0.0,0.0,0.0,156.0,0.0,10.5,1.83,0.0,0.0,0.108,0.0,0.0,2707.0,2158.0,1391.0,383.0,2.0,3.0,0.0,0.0,1.0,0.9998,0.9998,0.9998,0.9998,0.9998,2.2,5.13,5.62,357.0,0.05,767.0,0,0,0.0,60.0,0.0,0.0,0.0,0.0,0.0,0.0,0.0,789.0,20.0,Sprint of small group,0.6,3.0,🏔️  Haute montagne,0
2022-06-08,2022,adriatica-ionica-race,stage,5.0,Astana Qazaqstan Team,0,2.1,,,0.0,,,,,,,0.0,73.0,70.0,0.0,0.0,5.0,0.0,158.0,0.305,0.646,0.0,0.0,74.5,4.14,78.9,1.08,0.231,0.0,0.0,0.54,0.0,0.0,0.0,0.0,0.0,0.0,0.0,0.0,0.0,0.0,0.0,0.0,0.0,0.0,0.0,0.0,0.0,0.0,0.0,0.0,0.0,0,0,0.0,14.0,0.0,0.0,0.0,0.0,0.0,0.0,0.0,57.0,25.0,Sprint of small group,0.0,2.0,⛰️  Moy. montagne,0
2022-06-08,2022,tour-auvergne-rhone-alpes,stage,4.0,Astana Qazaqstan Team,0,2.UWT,,,0.0,,,,,,,0.0,33.0,33.0,0.0,0.0,4.0,32.08,27.1,4.79,0.0,0.0,0.182,29.2,1.76,0.0,1.11,0.0,0.0,0.0,0.0,0.0,96.0,127.0,409.0,351.0,0.0,0.0,0.0,0.0,0.0,0.0,0.0,0.0,0.0,0.0,-0.1,-0.17,-0.18,39.0,-0.1,96.0,0,0,0.0,60.0,0.0,0.0,0.0,0.0,0.0,0.0,0.0,789.0,,Time trial,0.0,1.0,🟢  Plat/Sprint,0
2022-06-09,2022,tour-auvergne-rhone-alpes,stage,5.0,Astana Qazaqstan Team,0,2.UWT,,,0.0,,,,,,,0.0,33.0,33.0,0.0,0.0,5.0,163.02,159.0,2.77,0.0,0.0,0.0,145.0,1.5,15.2,0.857,0.389,0.0,0.61,0.253,0.0,1991.0,2387.0,824.0,180.0,3.0,1.0,2.0,0.0,0.0,0.9249,0.6034,0.3024,0.0,0.0,-0.1,-0.33,-0.24,41.0,-0.18,734.0,0,0,0.0,60.0,0.0,0.0,0.0,0.0,0.0,0.0,0.0,789.0,18.0,Sprint of large group,0.0,2.0,⛰️  Moy. montagne,0
2022-06-10,2022,tour-auvergne-rhone-alpes,stage,6.0,Astana Qazaqstan Team,0,2.UWT,,,0.0,,,,,,,0.0,33.0,33.0,0.0,0.0,6.0,196.72,194.0,0.277,0.0,0.0,0.0,83.5,0.0,76.5,34.1,2.54,0.146,1.3,0.0,0.0,2958.0,2400.0,1268.0,181.0,2.0,1.0,0.0,1.0,1.0,0.9739,0.901,0.7322,0.7322,0.3622,-0.8,-1.53,-1.68,61.0,0.74,744.0,0,0,0.0,60.0,0.0,0.0,0.0,0.0,0.0,0.0,0.0,789.0,22.0,0.7 km solo,0.0,2.0,⛰️  Moy. montagne,0
2022-06-11,2022,tour-auvergne-rhone-alpes,stage,7.0,Astana Qazaqstan Team,0,2.UWT,,,0.0,,,,,,,0.0,33.0,33.0,0.0,0.0,7.0,135.27,135.0,0.0,0.0,0.0,0.0,104.0,0.199,16.7,14.6,0.0,0.0,0.13,0.144,0.0,3828.0,3991.0,2637.0,537.0,2.0,0.0,1.0,0.0,2.0,0.9998,0.9998,0.9998,0.7558,0.7558,3.3,6.13,7.24,280.0,0.33,1436.0,0,0,0.0,60.0,0.0,0.0,0.0,0.0,0.0,0.0,0.0,789.0,22.0,5.7 km solo,0.6,3.0,🏔️  Haute montagne,0
2022-06-12,2022,tour-auvergne-rhone-alpes,stage,8.0,Astana Qazaqstan Team,0,2.UWT,,,0.0,,,,,,,0.0,33.0,33.0,0.0,0.0,8.0,138.99,138.0,1.13,0.0,0.0,0.0,112.0,0.2,24.7,1.99,0.191,0.0,0.191,0.0,0.0,3782.0,2877.0,1609.0,448.0,0.0,1.0,2.0,0.0,2.0,0.9997,0.9997,0.9997,0.9997,0.9997,7.3,7.07,8.54,401.0,-0.28,1035.0,0,0,0.0,60.0,0.0,0.0,0.0,0.0,0.0,0.0,0.0,789.0,26.0,Other,0.6,3.0,🏔️  Haute montagne,0
2022-06-12,2022,tour-de-suisse,stage,1.0,Astana Qazaqstan Team,0,2.UWT,,,0.0,,,,,,,0.0,56.0,46.0,0.0,0.0,1.0,175.3,174.0,0.785,0.0,0.0,0.947,131.0,5.4,0.0,25.1,0.0,0.0,11.1,2.21,0.0,2746.0,2527.0,736.0,411.0,0.0,5.0,3.0,0.0,0.0,0.9939,0.9939,0.887,0.0,0.0,-1.4,0.27,1.16,308.0,-0.03,705.0,0,0,0.0,60.0,0.0,0.014,0.0,0.0,0.0,0.0,0.0,766.0,29.0,Sprint of small group,0.0,2.0,⛰️  Moy. montagne,0
2022-06-13,2022,tour-de-suisse,stage,2.0,Astana Qazaqstan Team,0,2.UWT,,,0.0,,,,,,,0.0,56.0,46.0,0.0,0.0,2.0,196.51,191.0,5.34,0.0,0.0,0.0,127.0,3.9,29.2,25.4,0.0,0.0,0.219,0.253,0.0,2746.0,2885.0,745.0,288.0,3.0,4.0,2.0,0.0,0.0,0.9471,0.9471,0.9471,0.0,0.0,0.1,-0.97,-1.84,67.0,-0.02,401.0,0,0,0.0,60.0,0.0,0.0,0.0,0.0,0.0,0.0,0.0,766.0,23.0,18.2 km solo,0.0,2.0,⛰️  Moy. montagne,0
2022-06-14,2022,cic-mont-ventoux,result,,Astana Qazaqstan Team,0,1.1,,,0.0,,,,,,,30.0,30.0,0.0,0.0,0.0,,155.0,153.0,1.69,0.0,0.0,0.0,109.0,0.0,6.2,39.8,0.0,0.0,0.0,0.0,0.0,4521.0,2845.0,1894.0,217.0,3.0,0.0,1.0,0.0,2.0,0.9998,0.9998,0.9998,0.9998,0.9998,9.7,8.7,7.98,423.0,0.42,1071.0,0,0,0.0,125.0,0.0,0.0,0.0,0.0,0.0,0.0,0.0,260.0,26.0,11.5 km solo,0.6,3.0,🏔️  Haute montagne,0
2022-06-14,2022,tour-de-suisse,stage,3.0,Astana Qazaqstan Team,0,2.UWT,,,0.0,,,,,,,0.0,56.0,46.0,0.0,0.0,3.0,177.12,163.0,10.5,0.0,0.105,0.0,98.6,7.42,49.1,18.9,3.25,0.0,3.54,0.326,0.0,3125.0,3000.0,1003.0,306.0,1.0,3.0,2.0,1.0,0.0,0.9287,0.8365,0.6771,0.5394,0.0,-0.5,-0.7,-0.86,68.0,0.44,675.0,0,0,0.0,60.0,0.0,0.0,0.0,0.0,0.0,0.0,0.0,766.0,26.0,Sprint of large group,0.0,2.0,⛰️  Moy. montagne,0
2022-06-15,2022,tour-de-suisse,stage,4.0,Astana Qazaqstan Team,0,2.UWT,,,0.0,,,,,,,0.0,56.0,46.0,0.0,0.0,4.0,191.68,178.0,13.1,0.139,0.0,0.0,68.5,0.976,77.9,43.6,0.0,0.0,0.423,0.396,0.0,2060.0,2069.0,795.0,408.0,4.0,1.0,2.0,0.0,0.0,0.9135,0.9135,0.9135,0.0,0.0,-0.1,-0.23,-0.5,6.0,0.34,627.0,0,0,0.0,60.0,0.0,0.0,0.0,0.0,0.0,0.0,0.0,766.0,29.0,Sprint of large group,0.0,2.0,⛰️  Moy. montagne,0
2022-06-15,2022,tour-of-slovenia,stage,1.0,Astana Qazaqstan Team,0,2.Pro,,,0.0,,,,,,,0.0,30.0,30.0,0.0,0.0,1.0,164.62,162.0,1.93,0.0,0.0,0.0,90.3,0.398,70.2,3.48,0.0,0.0,0.435,0.0,0.0,2979.0,2510.0,862.0,54.0,0.0,2.0,1.0,0.0,1.0,0.9391,0.9391,0.9391,0.7502,0.7502,1.7,0.63,0.12,92.0,0.19,940.0,0,0,0.0,20.0,0.0,0.0,0.0,0.0,0.0,0.0,0.0,244.0,29.0,1.2 km solo,0.0,2.0,⛰️  Moy. montagne,0
2022-06-16,2022,la-route-d-occitanie,stage,1.0,Astana Qazaqstan Team,0,2.1,,,0.0,,,,,,,0.0,20.0,20.0,0.0,0.0,1.0,174.13,174.0,0.0,0.0,0.0,0.0,139.0,0.0,35.3,0.0,0.0,0.0,0.0,0.0,0.0,1704.0,1907.0,384.0,134.0,6.0,1.0,0.0,0.0,0.0,0.8844,0.8844,0.0,0.0,0.0,-0.3,-0.07,-0.16,27.0,-0.18,627.0,0,0,0.0,14.0,0.0,0.0,0.0,0.0,0.0,0.0,0.0,298.0,34.0,Sprint of large group,0.0,2.0,⛰️  Moy. montagne,0
2022-06-16,2022,tour-de-suisse,stage,5.0,Astana Qazaqstan Team,0,2.UWT,,,0.0,,,,,,,0.0,56.0,46.0,0.0,0.0,5.0,188.64,182.0,5.75,0.0,0.0,0.0,112.0,8.0,36.6,30.5,0.787,0.0,0.914,0.58,0.0,2610.0,3237.0,991.0,203.0,4.0,6.0,1.0,0.0,0.0,0.9998,0.9519,0.2601,0.0,0.0,4.1,3.27,2.26,149.0,-1.5,163.0,0,0,0.0,60.0,0.0,0.0,0.0,0.0,0.0,0.0,0.0,766.0,31.0,Sprint of small group,0.0,2.0,⛰️  Moy. montagne,0
2022-06-16,2022,tour-of-slovenia,stage,2.0,Astana Qazaqstan Team,0,2.Pro,,,0.0,,,,,,,0.0,30.0,30.0,0.0,0.0,2.0,173.89,167.0,5.76,0.0,0.246,0.0,125.0,7.11,29.0,11.9,0.505,0.0,0.553,0.509,0.0,1998.0,2000.0,404.0,213.0,2.0,1.0,0.0,0.0,0.0,0.7431,0.3264,0.0,0.0,0.0,-0.1,0.2,-0.04,67.0,0.34,678.0,0,0,0.0,20.0,0.0,0.0,0.0,0.0,0.0,0.0,0.0,244.0,27.0,Sprint of large group,0.0,2.0,⛰️  Moy. montagne,0
2022-06-17,2022,tour-of-slovenia,stage,3.0,Astana Qazaqstan Team,0,2.Pro,,,0.0,,,,,,,0.0,30.0,30.0,0.0,0.0,3.0,144.14,122.0,21.3,0.198,0.0,0.0,121.0,6.56,4.49,9.29,0.503,0.0,0.781,0.768,0.0,2104.0,1989.0,732.0,199.0,1.0,1.0,2.0,0.0,0.0,0.9997,0.9997,0.8699,0.0,0.0,7.2,5.2,2.66,199.0,0.11,666.0,0,0,0.0,20.0,0.0,0.0,0.0,0.0,0.0,0.0,0.0,244.0,26.0,1 km solo,0.0,2.0,⛰️  Moy. montagne,0
2022-06-17,2022,la-route-d-occitanie,stage,2.0,Astana Qazaqstan Team,0,2.1,,,0.0,,,,,,,0.0,20.0,20.0,0.0,0.0,2.0,34.83,34.6,0.0,0.0,0.0,0.0,17.0,0.0,17.6,0.0,0.24,0.0,0.0,0.0,0.0,497.0,396.0,567.0,307.0,1.0,1.0,0.0,0.0,0.0,0.9986,0.7804,0.0,0.0,0.0,4.5,1.7,-0.44,114.0,0.29,497.0,0,0,0.0,14.0,0.0,0.0,0.0,0.0,0.0,0.0,0.0,298.0,,Sprint of large group,0.0,1.0,🟢  Plat/Sprint,0
2022-06-17,2022,tour-de-suisse,stage,6.0,Astana Qazaqstan Team,0,2.UWT,,,0.0,,,,,,,0.0,56.0,46.0,0.0,0.0,6.0,181.01,171.0,4.4,0.0,0.571,0.0,89.3,2.71,68.2,14.8,5.35,0.0,4.75,0.26,1.13,4155.0,2320.0,2478.0,198.0,0.0,0.0,0.0,0.0,2.0,0.9996,0.9996,0.9996,0.9996,0.9996,4.5,5.07,6.6,374.0,0.84,637.0,0,0,0.0,60.0,0.0,0.0,0.0,0.0,0.0,0.0,0.0,766.0,25.0,Sprint of small group,6.6,3.0,🏔️  Haute montagne,0
2022-06-18,2022,tour-of-slovenia,stage,4.0,Astana Qazaqstan Team,0,2.Pro,,,0.0,,,,,,,0.0,30.0,30.0,0.0,0.0,4.0,153.23,135.0,17.5,0.0,0.0,0.885,129.0,3.55,16.6,3.82,0.398,0.0,0.398,0.0,0.0,2861.0,1894.0,1195.0,204.0,1.0,3.0,1.0,0.0,1.0,0.9997,0.9997,0.9997,0.9997,0.9997,10.4,8.03,9.02,301.0,0.63,1077.0,0,0,0.0,20.0,0.0,0.88,0.0,0.88,0.0,0.88,0.0,244.0,26.0,Other,8.0,3.0,🏔️  Haute montagne,0
2022-06-18,2022,tour-de-suisse,stage,7.0,Astana Qazaqstan Team,0,2.UWT,,,0.0,,,,,,,10.0,56.0,46.0,0.0,0.0,7.0,196.38,190.0,4.86,0.0,0.922,0.0,86.2,2.35,78.8,26.1,0.551,0.0,0.689,2.2,0.272,3881.0,3307.0,1979.0,295.0,1.0,1.0,1.0,0.0,2.0,0.9998,0.9998,0.9998,0.9998,0.9998,11.8,9.63,8.18,575.0,-0.32,625.0,0,0,0.0,60.0,0.0,0.0,0.0,0.0,0.0,0.0,0.0,766.0,28.0,2 km solo,6.0,3.0,🏔️  Haute montagne,0
2022-06-18,2022,la-route-d-occitanie,stage,3.0,Astana Qazaqstan Team,0,2.1,,,0.0,,,,,,,0.0,20.0,20.0,0.0,0.0,3.0,189.76,188.0,1.12,0.0,0.0,0.0,161.0,2.83,22.4,3.19,0.0,0.0,0.0,0.0,0.0,4479.0,2662.0,1841.0,24.0,2.0,1.0,1.0,0.0,2.0,0.9999,0.9999,0.9999,0.9999,0.9999,5.0,6.67,4.88,273.0,0.2,438.0,0,0,0.0,14.0,0.0,0.0,0.0,0.0,0.0,0.0,0.0,298.0,29.0,2.3 km solo,6.0,3.0,🏔️  Haute montagne,0
2022-06-19,2022,tour-de-suisse,stage,8.0,Astana Qazaqstan Team,0,2.UWT,,,0.0,,,,,,,0.0,56.0,46.0,0.0,0.0,8.0,25.36,24.5,0.372,0.105,0.0,0.0,3.81,0.735,6.35,13.1,0.32,0.0,0.32,0.862,0.0,131.0,132.0,474.0,437.0,0.0,0.0,0.0,0.0,0.0,0.0,0.0,0.0,0.0,0.0,-1.4,0.03,-0.22,54.0,-0.0,131.0,0,0,0.0,60.0,0.0,0.0,0.0,0.0,0.0,0.0,0.0,766.0,,Time trial,0.0,1.0,🟢  Plat/Sprint,0
2022-06-19,2022,la-route-d-occitanie,stage,4.0,Astana Qazaqstan Team,0,2.1,,,0.0,,,,,,,0.0,20.0,20.0,0.0,0.0,4.0,188.29,183.0,0.612,0.0,4.13,0.0,131.0,0.848,56.3,0.257,0.0,0.0,0.0,0.0,0.0,1936.0,3286.0,1544.0,181.0,6.0,0.0,1.0,0.0,0.0,0.9513,0.3141,0.3141,0.0,0.0,-0.3,-0.37,-0.3,17.0,-1.45,730.0,0,0,0.0,14.0,0.0,0.0,0.0,0.0,0.0,0.0,0.0,298.0,32.0,Sprint of small group,0.0,2.0,⛰️  Moy. montagne,0
2022-06-19,2022,tour-of-slovenia,stage,5.0,Astana Qazaqstan Team,0,2.Pro,,,0.0,,,,,,,0.0,30.0,30.0,0.0,0.0,5.0,156.73,143.0,12.8,0.691,0.15,0.0,118.0,2.32,6.78,25.2,0.474,0.159,0.743,0.974,0.0,1437.0,1555.0,481.0,160.0,2.0,2.0,0.0,0.0,0.0,0.9374,0.9374,0.0,0.0,0.0,0.3,-0.2,-0.36,69.0,0.0,299.0,0,0,0.0,20.0,0.415,0.0,0.415,0.0,0.175,0.0,0.0,244.0,29.0,Sprint à deux,0.0,1.0,🟢  Plat/Sprint,0
2022-06-22,2022,nc-kazakhstan-itt,result,,Astana Qazaqstan Team,0,NC,,,0.0,,,,,,,50.0,50.0,0.0,0.0,0.0,,,,,,,,,,,,,,,,,,,,,0.0,0.0,0.0,0.0,0.0,,,,,,,,,,,,1,0,0.0,,,,,,,,,2.0,,Time trial,,,,0
2022-06-25,2022,nc-kazakhstan,result,,Astana Qazaqstan Team,0,NC,,,0.0,,,,,,,295.0,295.0,0.0,0.0,0.0,,,,,,,,,,,,,,,,,,,,,0.0,0.0,0.0,0.0,0.0,,,,,,,,,,,,1,0,0.0,,,,,,,,,5.0,,Sprint of small group,,,,0
2022-06-26,2022,nc-italy,result,,Astana Qazaqstan Team,0,NC,,,0.0,,,,,,,61.0,61.0,0.0,0.0,0.0,,171.59,138.0,31.9,1.03,0.0,0.0,146.0,24.5,0.0,0.0,0.0,0.843,0.0,0.0,0.0,2351.0,2352.0,382.0,255.0,11.0,0.0,0.0,0.0,0.0,0.9993,0.0,0.0,0.0,0.0,1.8,1.43,1.44,115.0,-0.07,671.0,0,0,0.0,100.0,0.329,0.0,0.11,0.0,0.11,0.0,0.0,197.0,,Sprint of small group,0.0,2.0,⛰️  Moy. montagne,0
2022-06-26,2022,nc-latvia,result,,Astana Qazaqstan Development Team,0,NC,,,0.0,,,,,,,1.0,1.0,0.0,0.0,0.0,,,,,,,,,,,,,,,,,,,,,0.0,0.0,0.0,0.0,0.0,,,,,,,,,,,,0,0,0.0,,,,,,,,,6.0,,-,,,,0
2022-07-01,2022,tour-de-france,stage,1.0,Astana Qazaqstan Team,0,2.UWT,,,0.0,,,,,,,0.0,355.0,350.0,0.0,0.0,1.0,13.18,5.48,6.85,0.639,0.0,0.0,0.329,1.29,0.0,9.51,0.519,0.0,0.606,1.18,0.134,14.0,17.0,11.0,1.0,0.0,0.0,0.0,0.0,0.0,0.0,0.0,0.0,0.0,0.0,0.3,0.07,-0.02,7.0,-0.02,14.0,0,0,0.0,120.0,0.0,0.0,0.0,0.0,0.0,0.0,0.0,1551.0,,Time trial,0.0,1.0,🟢  Plat/Sprint,0
2022-07-02,2022,sibiu-cycling-tour,prologue,,Astana Qazaqstan Team,0,2.1,,,0.0,,,,,,,0.0,60.0,60.0,0.0,0.0,,2.3,1.87,0.0,0.0,0.0,0.0,0.221,1.7,0.0,0.0,0.341,0.0,0.0,0.0,0.0,41.0,42.0,489.0,459.0,0.0,0.0,0.0,0.0,0.0,0.0,0.0,0.0,0.0,0.0,1.2,-0.04,-0.04,41.0,-0.04,41.0,0,0,0.0,14.0,0.0,0.0,0.0,0.0,0.0,0.0,0.0,,,,0.0,0.0,⏱️  CLM,0
2022-07-02,2022,tour-de-france,stage,2.0,Astana Qazaqstan Team,0,2.UWT,,,0.0,,,,,,,0.0,355.0,350.0,0.0,0.0,2.0,201.97,167.0,14.9,0.605,1.17,0.0,122.0,2.27,3.89,34.8,17.8,0.128,18.6,0.257,0.8,1097.0,1147.0,77.0,-52.0,0.0,0.0,0.0,0.0,0.0,0.0,0.0,0.0,0.0,0.0,0.1,-0.2,0.24,36.0,-0.11,213.0,0,0,0.0,120.0,0.0,0.0,0.0,0.0,0.0,0.0,0.0,1551.0,22.0,Sprint of large group,0.0,1.0,🟢  Plat/Sprint,0
2022-07-03,2022,sibiu-cycling-tour,stage,1.0,Astana Qazaqstan Team,0,2.1,,,0.0,,,,,,,0.0,60.0,60.0,0.0,0.0,1.0,206.66,207.0,0.0,0.0,0.0,0.0,49.7,0.735,157.0,0.0,0.0,0.0,0.0,0.0,0.0,3801.0,3651.0,1711.0,324.0,1.0,2.0,1.0,0.0,1.0,0.9865,0.9146,0.7947,0.4484,0.4484,-1.1,-1.47,-0.86,126.0,1.98,1418.0,0,0,0.0,14.0,0.0,0.0,0.0,0.0,0.0,0.0,0.0,76.0,24.0,Sprint of large group,12.2,2.0,⛰️  Moy. montagne,0
2022-07-03,2022,tour-de-france,stage,3.0,Astana Qazaqstan Team,0,2.UWT,,,0.0,,,,,,,0.0,355.0,350.0,0.0,0.0,3.0,181.9,149.0,26.4,1.06,1.61,0.0,92.2,6.82,0.0,52.2,2.52,0.0,4.61,0.348,1.16,1263.0,1270.0,111.0,0.0,2.0,0.0,0.0,0.0,0.0,0.4518,0.0,0.0,0.0,0.0,0.2,0.07,0.06,87.0,0.08,449.0,0,0,0.0,120.0,0.35,0.006,0.35,0.006,0.288,0.0,0.0,1551.0,23.0,Sprint of large group,0.0,1.0,🟢  Plat/Sprint,0
2022-07-04,2022,sibiu-cycling-tour,stage,2.0,Astana Qazaqstan Team,0,2.1,,,0.0,,,,,,,0.0,60.0,60.0,0.0,0.0,2.0,179.2,179.0,0.429,0.0,0.0,0.0,76.5,0.429,102.0,0.0,0.0,0.0,0.133,0.133,0.0,2797.0,1178.0,2035.0,286.0,3.0,1.0,0.0,0.0,1.0,0.9998,0.9998,0.9998,0.9998,0.9998,7.0,6.4,6.56,302.0,-0.23,329.0,0,0,0.0,14.0,0.0,0.0,0.0,0.0,0.0,0.0,0.0,76.0,30.0,Sprint of small group,8.0,3.0,🏔️  Haute montagne,0
2022-07-05,2022,tour-de-france,stage,4.0,Astana Qazaqstan Team,0,2.UWT,,,0.0,,,,,,,0.0,355.0,350.0,0.0,0.0,4.0,171.46,164.0,5.04,2.13,0.0,0.0,100.0,3.82,52.0,15.2,0.365,0.0,0.379,0.0,0.0,1781.0,1780.0,205.0,-1.0,6.0,2.0,0.0,0.0,0.0,0.9348,0.5673,0.0,0.0,0.0,0.0,0.0,0.02,3.0,0.0,259.0,0,0,0.0,120.0,0.0,0.0,0.0,0.0,0.0,0.0,0.0,1551.0,20.0,11.6 km solo,12.2,2.0,⛰️  Moy. montagne,0
2022-07-06,2022,tour-de-france,stage,5.0,Astana Qazaqstan Team,0,2.UWT,,,0.0,,,,,,,0.0,355.0,350.0,0.0,0.0,5.0,156.96,128.0,8.38,17.5,1.14,0.0,105.0,5.99,9.59,28.8,1.62,0.0,1.62,5.5,0.373,578.0,566.0,79.0,15.0,0.0,0.0,0.0,0.0,0.0,0.0,0.0,0.0,0.0,0.0,-0.1,0.4,0.36,28.0,-0.0,183.0,0,0,0.0,120.0,15.344,0.0,5.163,0.0,1.603,0.0,0.0,1551.0,24.0,Sprint of small group,0.0,1.0,🟢  Plat/Sprint,0
2022-07-07,2022,tour-de-france,stage,6.0,Astana Qazaqstan Team,0,2.UWT,,,0.0,,,,,,,0.0,355.0,350.0,0.0,0.0,6.0,219.83,217.0,1.7,0.281,0.0,0.0,110.0,2.09,103.0,3.99,0.745,0.0,0.745,0.0,0.0,2477.0,2279.0,385.0,124.0,8.0,2.0,0.0,0.0,0.0,0.9998,0.9998,0.0,0.0,0.0,4.4,2.47,0.5,231.0,0.08,545.0,0,0,0.0,120.0,0.0,0.0,0.0,0.0,0.0,0.0,0.0,1551.0,19.0,Sprint of small group,12.2,2.0,⛰️  Moy. montagne,0
2022-07-08,2022,tour-de-france,stage,7.0,Astana Qazaqstan Team,0,2.UWT,,,0.0,,,,,,,0.0,355.0,350.0,0.0,0.0,7.0,176.32,175.0,1.12,0.0,0.0,0.545,110.0,0.0,59.2,5.68,0.0,0.123,0.0,0.915,0.0,2526.0,1608.0,1141.0,199.0,2.0,1.0,1.0,0.0,1.0,0.9998,0.9998,0.9998,0.9998,0.9998,10.2,7.77,8.74,444.0,0.08,326.0,0,0,0.0,120.0,0.0,0.543,0.0,0.543,0.0,0.543,0.0,1551.0,22.0,Sprint à deux,2.0,3.0,🏔️  Haute montagne,0
2022-07-09,2022,tour-de-france,stage,8.0,Astana Qazaqstan Team,0,2.UWT,,,0.0,,,,,,,0.0,355.0,350.0,0.0,0.0,8.0,186.37,184.0,2.44,0.0,0.0,0.0,125.0,0.227,44.9,16.2,0.236,0.0,0.309,0.0,0.0,2556.0,2169.0,1180.0,197.0,2.0,2.0,0.0,0.0,1.0,0.9997,0.9997,0.7647,0.7647,0.7647,5.0,3.77,4.52,255.0,0.82,571.0,0,0,0.0,120.0,0.0,0.0,0.0,0.0,0.0,0.0,0.0,1551.0,23.0,Sprint of small group,2.0,3.0,🏔️  Haute montagne,0
2022-07-10,2022,tour-de-france,stage,9.0,Astana Qazaqstan Team,0,2.UWT,,,0.0,,,,,,,0.0,355.0,350.0,0.0,0.0,9.0,192.99,191.0,1.19,0.0,0.186,0.0,104.0,0.531,63.6,23.0,0.487,0.0,0.941,1.0,0.0,3743.0,2837.0,1770.0,373.0,0.0,2.0,1.0,0.0,2.0,0.9998,0.9998,0.938,0.938,0.938,4.8,4.93,2.82,182.0,0.83,638.0,0,0,0.0,120.0,0.0,0.0,0.0,0.0,0.0,0.0,0.0,1551.0,24.0,60.5 km solo,2.0,3.0,🏔️  Haute montagne,0
2022-07-12,2022,tour-de-france,stage,10.0,Astana Qazaqstan Team,0,2.UWT,,,0.0,,,,,,,0.0,355.0,350.0,0.0,0.0,10.0,149.75,147.0,1.34,0.0,0.0,0.0,87.0,0.904,50.3,10.2,0.905,0.0,1.3,0.0,0.0,2733.0,2158.0,1435.0,398.0,0.0,1.0,2.0,0.0,1.0,0.9998,0.9998,0.9998,0.9998,0.9998,3.5,4.07,4.06,338.0,-0.53,805.0,0,0,0.0,120.0,0.0,0.0,0.0,0.0,0.0,0.0,0.0,1551.0,26.0,Sprint of small group,0.0,3.0,🏔️  Haute montagne,0
2022-07-13,2022,tour-de-france,stage,11.0,Astana Qazaqstan Team,0,2.UWT,,,0.0,,,,,,,0.0,355.0,350.0,0.0,0.0,11.0,152.28,151.0,0.467,0.0,0.0,0.0,74.0,0.0,54.5,23.2,0.164,0.0,0.253,0.276,0.0,4070.0,1990.0,2636.0,297.0,1.0,1.0,0.0,0.0,2.0,0.9998,0.9998,0.9998,0.9998,0.9998,9.4,9.27,9.58,350.0,0.92,570.0,0,0,0.0,120.0,0.0,0.0,0.0,0.0,0.0,0.0,0.0,1551.0,25.0,3.9 km solo,0.0,3.0,🏔️  Haute montagne,0
2022-07-14,2022,tour-de-france,stage,12.0,Astana Qazaqstan Team,0,2.UWT,,,0.0,,,,,,,0.0,355.0,350.0,0.0,0.0,12.0,165.47,165.0,0.109,0.0,0.0,0.0,118.0,0.199,22.3,24.4,0.293,0.0,0.483,0.144,0.0,4660.0,4164.0,2638.0,537.0,2.0,0.0,0.0,0.0,3.0,0.9999,0.9999,0.9999,0.9999,0.9999,3.4,6.0,7.26,402.0,0.28,1334.0,0,0,0.0,120.0,0.0,0.0,0.0,0.0,0.0,0.0,0.0,1551.0,26.0,11 km solo,0.0,3.0,🏔️  Haute montagne,0
2022-07-15,2022,tour-de-france,stage,13.0,Astana Qazaqstan Team,0,2.UWT,,,0.0,,,,,,,0.0,355.0,350.0,0.0,0.0,13.0,193.13,191.0,0.348,0.0,0.0,0.0,118.0,0.285,39.1,34.3,1.13,0.101,1.26,0.138,0.0,2109.0,2339.0,739.0,152.0,0.0,3.0,2.0,0.0,0.0,0.9534,0.9534,0.7425,0.0,0.0,1.0,0.93,0.12,38.0,-1.02,417.0,0,0,0.0,120.0,0.0,0.0,0.0,0.0,0.0,0.0,0.0,1551.0,32.0,Sprint of small group,12.2,2.0,⛰️  Moy. montagne,0
2022-07-16,2022,tour-de-france,stage,14.0,Astana Qazaqstan Team,0,2.UWT,,,0.0,,,,,,,0.0,355.0,350.0,0.0,0.0,14.0,192.06,186.0,0.56,0.0,4.29,0.0,137.0,0.299,43.2,10.8,0.649,0.0,0.851,0.0,0.0,3441.0,2985.0,1431.0,465.0,5.0,1.0,3.0,0.0,1.0,0.9951,0.9951,0.9951,0.8488,0.8488,-3.0,4.4,5.76,338.0,0.6,1096.0,0,0,0.0,120.0,0.0,0.0,0.0,0.0,0.0,0.0,0.0,1551.0,27.0,1.9 km solo,0.0,3.0,🏔️  Haute montagne,0
2022-07-17,2022,tour-de-france,stage,15.0,Astana Qazaqstan Team,0,2.UWT,,,0.0,,,,,,,0.0,355.0,350.0,0.0,0.0,15.0,202.63,201.0,1.65,0.0,0.0,0.0,168.0,1.03,31.4,1.35,0.249,0.0,0.249,0.0,0.0,2416.0,2925.0,698.0,94.0,5.0,3.0,1.0,0.0,0.0,0.883,0.7684,0.7684,0.0,0.0,1.3,0.47,0.46,45.0,-0.16,712.0,0,0,0.0,120.0,0.0,0.0,0.0,0.0,0.0,0.0,0.0,1551.0,36.0,Sprint of large group,12.2,2.0,⛰️  Moy. montagne,0
2022-07-19,2022,tour-de-france,stage,16.0,Astana Qazaqstan Team,0,2.UWT,,,0.0,,,,,,,0.0,355.0,350.0,0.0,0.0,16.0,179.07,161.0,0.189,0.125,17.6,0.0,148.0,0.108,26.1,5.2,0.0,0.0,0.0,0.294,0.0,3418.0,3157.0,1512.0,115.0,2.0,2.0,0.0,1.0,1.0,0.7864,0.7864,0.7864,0.7864,0.5804,-1.8,-1.87,-1.38,7.0,0.52,882.0,0,0,0.0,120.0,0.0,0.0,0.0,0.0,0.0,0.0,0.0,1551.0,31.0,39 km solo,0.0,2.0,⛰️  Moy. montagne,0
2022-07-20,2022,tour-de-france,stage,17.0,Astana Qazaqstan Team,0,2.UWT,,,0.0,,,,,,,5.0,355.0,350.0,0.0,0.0,17.0,129.99,110.0,19.1,0.0,0.0,0.0,97.5,0.97,28.7,2.42,0.457,0.0,0.457,0.0,0.0,3364.0,2194.0,1566.0,375.0,0.0,0.0,2.0,1.0,1.0,0.9998,0.9998,0.9998,0.7992,0.5427,8.9,7.53,7.66,535.0,0.57,455.0,0,0,0.0,120.0,0.0,0.0,0.0,0.0,0.0,0.0,0.0,1551.0,23.0,Sprint à deux,0.0,3.0,🏔️  Haute montagne,0
2022-07-21,2022,tour-de-france,stage,18.0,Astana Qazaqstan Team,0,2.UWT,,,0.0,,,,,,,0.0,355.0,350.0,0.0,0.0,18.0,144.33,141.0,0.445,0.0,0.161,0.0,141.0,0.372,0.368,0.0,1.98,0.0,2.41,0.316,0.0,4036.0,2929.0,1703.0,285.0,2.0,1.0,0.0,0.0,3.0,0.9998,0.9998,0.9998,0.9998,0.9998,7.1,7.9,7.88,519.0,0.04,585.0,0,0,0.0,120.0,0.0,0.0,0.0,0.0,0.0,0.0,0.0,1551.0,27.0,3.6 km solo,1.0,3.0,🏔️  Haute montagne,0
2022-07-22,2022,tour-de-france,stage,19.0,Astana Qazaqstan Team,0,2.UWT,,,0.0,,,,,,,0.0,355.0,350.0,0.0,0.0,19.0,188.24,188.0,0.179,0.287,0.0,0.0,79.5,1.35,105.0,2.15,0.237,0.0,0.237,0.0,0.0,1316.0,1475.0,301.0,56.0,4.0,1.0,0.0,0.0,0.0,0.7826,0.7826,0.0,0.0,0.0,2.3,0.87,0.32,37.0,-0.37,59.0,0,0,0.0,120.0,0.0,0.0,0.0,0.0,0.0,0.0,0.0,1551.0,30.0,0.4 km solo,0.0,1.0,🟢  Plat/Sprint,0
2022-07-23,2022,tour-de-france,stage,20.0,Astana Qazaqstan Team,0,2.UWT,,,0.0,,,,,,,0.0,355.0,350.0,0.0,0.0,20.0,40.69,40.7,0.0,0.0,0.0,0.0,38.2,0.0,2.48,0.0,0.0,0.0,0.0,0.0,0.0,433.0,565.0,423.0,143.0,1.0,0.0,0.0,0.0,0.0,0.994,0.0,0.0,0.0,0.0,5.2,1.47,0.74,186.0,-0.32,433.0,0,0,0.0,120.0,0.0,0.0,0.0,0.0,0.0,0.0,0.0,1551.0,,Time trial,0.0,1.0,🟢  Plat/Sprint,0
2022-07-24,2022,tour-de-france,stage,21.0,Astana Qazaqstan Team,0,2.UWT,,,0.0,,,,,,,0.0,355.0,350.0,0.0,0.0,21.0,115.08,74.2,3.25,38.2,0.0,0.0,23.4,7.6,30.2,49.5,0.767,0.509,0.833,1.22,1.96,669.0,715.0,176.0,29.0,3.0,0.0,0.0,0.0,0.0,0.3845,0.0,0.0,0.0,0.0,0.0,0.0,-0.46,27.0,-0.08,413.0,0,0,0.0,120.0,34.006,0.0,13.705,0.0,5.933,0.0,0.0,1551.0,32.0,Sprint of large group,0.0,1.0,🟢  Plat/Sprint,0
2022-07-25,2022,prueba-villafranca,result,,Astana Qazaqstan Team,0,1.1,,,0.0,,,,,,,50.0,50.0,0.0,0.0,0.0,,166.77,165.0,0.376,1.29,0.0,0.0,156.0,4.87,0.0,2.9,0.0,0.0,0.0,2.75,0.0,2391.0,2392.0,402.0,93.0,2.0,5.0,0.0,0.0,0.0,0.9376,0.9376,0.0,0.0,0.0,0.0,-0.7,-1.16,19.0,0.03,574.0,0,0,0.0,125.0,0.258,0.0,0.0,0.0,0.0,0.0,0.0,151.0,23.0,11.5 km solo,0.0,2.0,⛰️  Moy. montagne,0
2022-07-27,2022,vuelta-a-castilla-y-leon,stage,1.0,Astana Qazaqstan Team,0,2.1,,,0.0,,,,,,,0.0,40.0,40.0,0.0,0.0,1.0,155.38,151.0,0.409,0.0,0.951,0.0,36.4,0.241,115.0,0.196,3.18,0.0,3.18,0.951,0.0,1434.0,1457.0,820.0,596.0,3.0,3.0,0.0,0.0,0.0,0.9981,0.665,0.0,0.0,0.0,1.6,1.53,1.24,76.0,-0.01,229.0,0,0,0.0,14.0,0.0,0.0,0.0,0.0,0.0,0.0,0.0,141.0,29.0,Sprint of large group,0.0,1.0,🟢  Plat/Sprint,0
2022-07-28,2022,vuelta-a-castilla-y-leon,stage,2.0,Astana Qazaqstan Team,0,2.1,,,0.0,,,,,,,0.0,40.0,40.0,0.0,0.0,2.0,189.6,183.0,6.66,0.221,0.0,0.0,166.0,1.41,22.1,0.0,0.0,0.0,0.0,0.0,0.0,3105.0,3108.0,1198.0,516.0,3.0,2.0,2.0,1.0,0.0,0.9851,0.9851,0.9851,0.6386,0.0,-0.1,0.37,-0.84,139.0,-0.85,706.0,0,0,0.0,14.0,0.0,0.0,0.0,0.0,0.0,0.0,0.0,141.0,32.0,25 km solo,10.0,2.0,⛰️  Moy. montagne,0
2022-07-28,2022,tour-alsace,stage,2.0,Astana Qazaqstan Development Team,0,2.2,,,0.0,,,,,,,0.0,0.0,0.0,0.0,0.0,2.0,157.31,152.0,4.19,0.211,0.43,0.0,144.0,1.05,7.76,3.88,0.0,0.0,0.171,0.452,0.0,2334.0,2318.0,1098.0,164.0,0.0,0.0,2.0,0.0,1.0,0.7905,0.7905,0.7905,0.6311,0.6311,0.4,0.43,0.36,58.0,0.1,133.0,1,0,0.0,7.0,0.0,0.0,0.0,0.0,0.0,0.0,0.0,39.0,26.0,-,0.0,2.0,⛰️  Moy. montagne,0
2022-07-29,2022,tour-alsace,stage,3.0,Astana Qazaqstan Development Team,0,2.2,,,0.0,,,,,,,0.0,0.0,0.0,0.0,0.0,3.0,146.15,144.0,1.55,0.0,0.0,0.545,136.0,0.579,7.05,1.47,0.0,0.0,0.0,0.915,0.0,2541.0,1642.0,1141.0,215.0,4.0,1.0,1.0,0.0,1.0,0.9998,0.9998,0.9998,0.9998,0.9998,10.2,7.73,8.7,439.0,0.06,505.0,1,0,0.0,7.0,0.0,0.543,0.0,0.543,0.0,0.543,0.0,39.0,25.0,-,1.5,3.0,🏔️  Haute montagne,0
2022-07-30,2022,san-sebastian,result,,Astana Qazaqstan Team,0,1.UWT,,,0.0,,,,,,,64.0,64.0,0.0,0.0,0.0,,222.94,215.0,1.15,0.728,3.94,0.0,137.0,9.23,69.7,5.09,0.863,0.0,1.55,0.631,0.0,4113.0,4142.0,677.0,0.0,3.0,4.0,2.0,1.0,0.0,0.9722,0.9722,0.8172,0.3202,0.0,0.0,-0.03,-2.66,15.0,-0.01,624.0,0,0,0.0,400.0,0.024,0.0,0.02,0.0,0.009,0.0,0.0,724.0,23.0,44.5 km solo,10.0,2.0,⛰️  Moy. montagne,0
2022-07-30,2022,tour-alsace,stage,4.0,Astana Qazaqstan Development Team,0,2.2,,,0.0,,,,,,,0.0,0.0,0.0,0.0,0.0,4.0,171.42,153.0,18.2,0.0,0.0,0.0,142.0,4.8,17.3,4.79,0.0,0.0,0.0,2.77,0.0,2043.0,1952.0,647.0,234.0,4.0,1.0,1.0,0.0,0.0,0.8815,0.5508,0.5508,0.0,0.0,3.7,1.03,0.5,46.0,0.33,466.0,1,0,0.0,7.0,0.0,0.0,0.0,0.0,0.0,0.0,0.0,39.0,27.0,-,0.0,2.0,⛰️  Moy. montagne,0
2022-07-30,2022,tour-de-pologne,stage,1.0,Astana Qazaqstan Team,0,2.UWT,,,0.0,,,,,,,0.0,152.0,152.0,0.0,0.0,1.0,217.35,207.0,2.61,3.19,0.834,0.0,170.0,1.32,29.7,9.35,0.0,0.0,4.41,7.36,0.196,1231.0,1308.0,344.0,119.0,2.0,0.0,0.0,0.0,0.0,0.9246,0.0,0.0,0.0,0.0,1.9,-0.67,-0.2,99.0,0.02,371.0,0,0,0.0,50.0,0.047,0.0,0.012,0.0,0.012,0.0,0.0,466.0,24.0,Sprint of large group,0.0,1.0,🟢  Plat/Sprint,0
2022-07-31,2022,tour-de-pologne,stage,2.0,Astana Qazaqstan Team,0,2.UWT,,,0.0,,,,,,,0.0,152.0,152.0,0.0,0.0,2.0,202.55,194.0,1.73,6.31,0.247,0.0,160.0,2.55,28.2,10.2,0.0,0.0,0.434,1.35,0.0,966.0,958.0,342.0,178.0,0.0,1.0,0.0,0.0,0.0,0.5297,0.5297,0.0,0.0,0.0,0.7,0.27,-0.14,25.0,-0.04,183.0,0,0,0.0,50.0,2.179,0.0,1.803,0.0,0.718,0.0,0.0,466.0,20.0,Sprint of large group,0.0,1.0,🟢  Plat/Sprint,0
2022-07-31,2022,tour-alsace,stage,5.0,Astana Qazaqstan Development Team,0,2.2,,,0.0,,,,,,,0.0,0.0,0.0,0.0,0.0,5.0,160.48,151.0,8.83,0.0,0.434,0.0,117.0,3.34,20.7,18.6,0.0,0.0,0.293,0.434,0.0,680.0,673.0,351.0,215.0,1.0,0.0,0.0,0.0,0.0,0.4936,0.0,0.0,0.0,0.0,2.1,1.1,0.82,58.0,-0.07,148.0,1,0,0.0,7.0,0.0,0.0,0.0,0.0,0.0,0.0,0.0,39.0,31.0,Sprint of large group,0.0,1.0,🟢  Plat/Sprint,0
2022-08-01,2022,tour-de-pologne,stage,3.0,Astana Qazaqstan Team,0,2.UWT,,,0.0,,,,,,,0.0,152.0,152.0,0.0,0.0,3.0,236.24,234.0,0.266,1.8,0.182,0.0,201.0,4.95,21.0,7.62,0.0,0.0,0.0,1.19,0.0,1545.0,1437.0,451.0,154.0,1.0,3.0,0.0,0.0,0.0,0.9996,0.8806,0.0,0.0,0.0,8.5,3.8,2.62,166.0,-0.09,225.0,0,0,0.0,50.0,0.613,0.0,0.613,0.0,0.613,0.0,0.0,466.0,21.0,Sprint of small group,22.8,2.0,⛰️  Moy. montagne,0
2022-08-02,2022,tour-de-pologne,stage,4.0,Astana Qazaqstan Team,0,2.UWT,,,0.0,,,,,,,0.0,152.0,152.0,0.0,0.0,4.0,179.23,174.0,2.94,0.209,1.9,0.0,123.0,5.38,49.8,0.0,0.344,0.0,0.687,0.943,0.0,2621.0,2628.0,700.0,263.0,6.0,3.0,2.0,0.0,0.0,0.877,0.877,0.877,0.0,0.0,3.0,-0.03,0.48,87.0,0.61,1012.0,0,0,0.0,50.0,0.0,0.0,0.0,0.0,0.0,0.0,0.0,466.0,23.0,Sprint of large group,22.8,2.0,⛰️  Moy. montagne,0
2022-08-02,2022,vuelta-a-burgos,stage,1.0,Astana Qazaqstan Team,0,2.Pro,,,0.0,,,,,,,0.0,35.0,35.0,0.0,0.0,1.0,157.08,155.0,0.0,0.858,0.0,0.0,86.3,5.76,62.6,0.0,0.838,0.0,1.73,1.87,0.0,1520.0,1491.0,1098.0,587.0,1.0,0.0,1.0,0.0,0.0,0.7077,0.4518,0.4518,0.0,0.0,5.1,0.53,0.82,103.0,-0.51,264.0,0,0,0.0,20.0,0.955,0.0,0.955,0.0,0.507,0.0,0.0,356.0,33.0,0.7 km solo,0.0,1.0,🟢  Plat/Sprint,0
2022-08-03,2022,tour-de-pologne,stage,5.0,Astana Qazaqstan Team,0,2.UWT,,,0.0,,,,,,,0.0,152.0,152.0,0.0,0.0,5.0,179.38,174.0,1.03,2.9,0.222,0.0,157.0,12.1,1.05,4.61,0.0,0.0,1.74,3.46,0.0,2179.0,2225.0,440.0,197.0,7.0,4.0,0.0,0.0,0.0,0.9367,0.6648,0.0,0.0,0.0,0.1,0.17,-0.02,74.0,0.03,667.0,0,0,0.0,50.0,1.581,0.0,0.308,0.0,0.299,0.0,0.0,466.0,26.0,Sprint of small group,22.8,2.0,⛰️  Moy. montagne,0
2022-08-03,2022,vuelta-a-burgos,stage,2.0,Astana Qazaqstan Team,0,2.Pro,,,0.0,,,,,,,0.0,35.0,35.0,0.0,0.0,2.0,158.39,158.0,0.121,0.0,0.0,0.0,120.0,0.121,38.0,0.0,0.586,0.0,0.0,0.0,0.0,1658.0,1682.0,1116.0,686.0,3.0,2.0,1.0,0.0,0.0,0.9597,0.5671,0.5671,0.0,0.0,-0.3,-0.2,-0.98,105.0,0.13,571.0,0,0,0.0,20.0,0.0,0.0,0.0,0.0,0.0,0.0,0.0,356.0,32.0,Sprint of small group,12.8,2.0,⛰️  Moy. montagne,0
2022-08-04,2022,tour-de-pologne,stage,6.0,Astana Qazaqstan Team,0,2.UWT,,,0.0,,,,,,,0.0,152.0,152.0,0.0,0.0,6.0,11.94,11.9,0.0,0.0,0.0,0.0,11.1,0.823,0.0,0.0,0.0,0.0,0.0,0.0,0.0,337.0,44.0,969.0,641.0,0.0,0.0,1.0,0.0,0.0,0.8447,0.8447,0.8447,0.0,0.0,-0.8,1.53,2.8,292.0,2.45,337.0,0,0,0.0,50.0,0.0,0.0,0.0,0.0,0.0,0.0,0.0,466.0,,Time trial,0.0,1.0,🟢  Plat/Sprint,0
2022-08-04,2022,vuelta-a-burgos,stage,3.0,Astana Qazaqstan Team,0,2.Pro,,,0.0,,,,,,,0.0,35.0,35.0,0.0,0.0,3.0,153.64,145.0,7.92,0.0,0.285,0.0,103.0,0.344,50.1,0.0,0.0,0.0,0.134,0.42,0.0,2324.0,2252.0,1499.0,518.0,2.0,2.0,0.0,0.0,1.0,0.9668,0.7188,0.7188,0.7188,0.7188,0.2,0.13,-1.2,142.0,0.14,576.0,0,0,0.0,20.0,0.0,0.0,0.0,0.0,0.0,0.0,0.0,356.0,22.0,Sprint à deux,12.8,2.0,⛰️  Moy. montagne,0
2022-08-05,2022,vuelta-a-burgos,stage,4.0,Astana Qazaqstan Team,0,2.Pro,,,0.0,,,,,,,0.0,35.0,35.0,0.0,0.0,4.0,168.9,169.0,0.0,0.0,0.0,0.0,161.0,0.708,7.21,0.0,0.0,0.0,0.0,0.0,0.0,1361.0,1191.0,1017.0,773.0,4.0,1.0,0.0,0.0,0.0,0.9997,0.9997,0.0,0.0,0.0,6.5,3.47,2.36,160.0,-0.0,412.0,0,0,0.0,20.0,0.0,0.0,0.0,0.0,0.0,0.0,0.0,356.0,33.0,Sprint of small group,0.0,1.0,🟢  Plat/Sprint,0
2022-08-05,2022,tour-de-pologne,stage,7.0,Astana Qazaqstan Team,0,2.UWT,,,0.0,,,,,,,0.0,152.0,152.0,0.0,0.0,7.0,179.09,174.0,3.68,1.19,0.0,0.0,139.0,13.5,15.2,7.49,0.442,0.0,0.6,1.29,0.178,1874.0,1889.0,603.0,201.0,5.0,1.0,1.0,0.0,0.0,0.7048,0.6245,0.2271,0.0,0.0,-0.3,-0.1,0.0,24.0,0.38,885.0,0,0,0.0,50.0,0.56,0.0,0.488,0.0,0.314,0.0,0.0,466.0,31.0,Sprint of large group,0.0,2.0,⛰️  Moy. montagne,0
2022-08-06,2022,vuelta-a-burgos,stage,5.0,Astana Qazaqstan Team,0,2.Pro,,,0.0,,,,,,,0.0,35.0,35.0,0.0,0.0,5.0,171.24,171.0,0.0,0.0,0.0,0.0,138.0,0.499,32.3,0.0,0.171,0.0,0.171,0.0,0.0,2792.0,1746.0,1867.0,821.0,2.0,4.0,0.0,0.0,1.0,0.9998,0.9998,0.9998,0.9998,0.9998,10.9,9.77,7.94,402.0,0.5,725.0,0,0,0.0,20.0,0.0,0.0,0.0,0.0,0.0,0.0,0.0,356.0,26.0,Sprint à deux,1.0,3.0,🏔️  Haute montagne,0
2022-08-09,2022,tour-de-l-ain,stage,1.0,Astana Qazaqstan Development Team,0,2.1,,,0.0,,,,,,,0.0,3.0,3.0,0.0,0.0,1.0,149.94,150.0,0.0,0.0,0.0,0.0,149.0,0.0,0.747,0.0,0.0,0.0,0.0,0.0,0.0,1269.0,1240.0,449.0,189.0,1.0,1.0,0.0,0.0,0.0,0.9093,0.7398,0.0,0.0,0.0,0.7,-0.3,-0.32,86.0,-0.0,166.0,0,0,0.0,14.0,0.0,0.0,0.0,0.0,0.0,0.0,0.0,198.0,,Sprint of large group,0.0,1.0,🟢  Plat/Sprint,0
2022-08-10,2022,tour-de-l-ain,stage,2.0,Astana Qazaqstan Development Team,0,2.1,,,0.0,,,,,,,0.0,3.0,3.0,0.0,0.0,2.0,142.29,142.0,0.579,0.0,0.0,0.0,141.0,0.579,1.05,0.0,0.0,0.0,0.0,0.0,0.0,2853.0,2855.0,1006.0,201.0,2.0,0.0,1.0,0.0,2.0,0.9137,0.8275,0.8275,0.8275,0.8275,0.0,-3.6,-5.12,3.0,1.27,1139.0,0,0,0.0,14.0,0.0,0.0,0.0,0.0,0.0,0.0,0.0,198.0,,1.6 km solo,0.0,2.0,⛰️  Moy. montagne,0
2022-08-11,2022,tour-de-l-ain,stage,3.0,Astana Qazaqstan Development Team,0,2.1,,,0.0,,,,,,,0.0,3.0,3.0,0.0,0.0,3.0,128.95,122.0,7.22,0.0,0.0,0.0,128.0,0.0,1.09,0.0,0.0,0.0,0.0,0.0,0.0,3522.0,3436.0,1159.0,455.0,0.0,2.0,3.0,2.0,0.0,0.9906,0.9906,0.9906,0.8417,0.0,1.1,0.4,1.64,136.0,-0.01,1155.0,0,0,0.0,14.0,0.0,0.0,0.0,0.0,0.0,0.0,0.0,198.0,27.0,55.8 km solo,0.0,2.0,⛰️  Moy. montagne,0
2022-08-11,2022,arctic-race-of-norway,stage,1.0,Astana Qazaqstan Team,0,2.Pro,,,0.0,,,,,,,10.0,15.0,5.0,0.0,0.0,1.0,186.14,178.0,4.84,0.0,0.0,0.0,86.8,2.97,90.0,2.71,3.03,0.0,1.9,0.633,0.0,3327.0,3294.0,578.0,0.0,4.0,0.0,2.0,0.0,0.0,0.6691,0.51,0.51,0.0,0.0,1.1,-0.6,-0.14,59.0,0.66,1223.0,1,0,0.0,20.0,0.0,0.0,0.0,0.0,0.0,0.0,0.0,157.0,12.0,Sprint of small group,0.0,2.0,⛰️  Moy. montagne,0
2022-08-12,2022,arctic-race-of-norway,stage,2.0,Astana Qazaqstan Team,0,2.Pro,,,0.0,,,,,,,0.0,15.0,5.0,0.0,0.0,2.0,154.13,154.0,0.0,0.0,0.0,0.0,14.0,0.0,140.0,0.0,0.0,0.0,0.0,0.0,0.0,2658.0,2674.0,409.0,0.0,5.0,1.0,1.0,0.0,0.0,0.9296,0.7114,0.3922,0.0,0.0,0.0,-0.33,-0.5,44.0,0.26,780.0,1,0,0.0,20.0,0.0,0.0,0.0,0.0,0.0,0.0,0.0,157.0,13.0,Sprint of large group,2.0,2.0,⛰️  Moy. montagne,0
2022-08-13,2022,arctic-race-of-norway,stage,3.0,Astana Qazaqstan Team,0,2.Pro,,,0.0,,,,,,,0.0,15.0,5.0,0.0,0.0,3.0,180.55,167.0,11.2,0.188,0.0,1.18,86.4,1.19,88.7,3.76,0.626,0.0,1.14,0.0,0.0,2636.0,2163.0,474.0,0.0,5.0,2.0,1.0,0.0,0.0,0.9996,0.9996,0.9996,0.0,0.0,1.7,5.87,4.86,296.0,0.07,473.0,1,0,0.0,20.0,0.039,0.0,0.0,0.0,0.0,0.0,0.0,157.0,16.0,2.2 km solo,2.0,2.0,⛰️  Moy. montagne,0
2022-08-14,2022,arctic-race-of-norway,stage,4.0,Astana Qazaqstan Team,0,2.Pro,,,0.0,,,,,,,0.0,15.0,5.0,0.0,0.0,4.0,159.32,158.0,0.822,0.488,0.0,0.0,63.5,6.88,77.3,11.0,0.222,0.0,0.317,0.46,0.0,2355.0,2372.0,293.0,0.0,9.0,2.0,0.0,0.0,0.0,0.9714,0.6465,0.0,0.0,0.0,-0.7,-0.87,-1.92,75.0,-0.02,589.0,1,0,0.0,20.0,0.0,0.0,0.0,0.0,0.0,0.0,0.0,157.0,20.0,32 km solo,2.0,2.0,⛰️  Moy. montagne,0
2022-08-20,2022,vuelta-a-espana,stage,2.0,Astana Qazaqstan Team,0,2.UWT,,,0.0,,,,,,,0.0,106.0,76.0,0.0,0.0,2.0,175.79,119.0,11.0,8.28,2.0,0.0,41.4,3.56,12.9,42.4,36.4,0.16,37.4,1.5,0.851,512.0,516.0,72.0,0.0,0.0,0.0,0.0,0.0,0.0,0.0,0.0,0.0,0.0,0.0,-0.1,-0.03,0.0,5.0,-0.01,47.0,0,0,0.0,100.0,2.017,0.0,0.682,0.0,0.588,0.0,0.0,967.0,24.0,Sprint of large group,0.0,1.0,🟢  Plat/Sprint,0
2022-08-21,2022,cyclassics-hamburg,result,,Astana Qazaqstan Team,0,1.UWT,,,0.0,,,,,,,24.0,24.0,0.0,0.0,0.0,,204.97,151.0,44.0,2.27,1.17,0.16,74.6,19.0,7.41,64.9,6.7,0.0,7.24,1.74,0.929,885.0,880.0,75.0,1.0,0.0,0.0,0.0,0.0,0.0,0.0,0.0,0.0,0.0,0.0,0.6,-0.3,-0.42,23.0,0.02,115.0,0,0,0.0,400.0,1.137,0.0,0.353,0.0,0.157,0.0,0.0,650.0,24.0,Sprint of small group,0.0,1.0,🟢  Plat/Sprint,0
2022-08-21,2022,vuelta-a-espana,stage,3.0,Astana Qazaqstan Team,0,2.UWT,,,0.0,,,,,,,0.0,106.0,76.0,0.0,0.0,3.0,193.65,131.0,44.0,9.47,0.62,0.0,41.0,2.47,1.37,65.5,8.31,0.0,9.92,0.758,0.38,251.0,253.0,30.0,-2.0,0.0,0.0,0.0,0.0,0.0,0.0,0.0,0.0,0.0,0.0,-0.1,0.03,-0.1,13.0,0.0,62.0,0,0,0.0,100.0,0.009,0.013,0.009,0.006,0.009,0.0,0.0,967.0,23.0,Sprint of large group,4.8,1.0,🟢  Plat/Sprint,0
2022-08-23,2022,vuelta-a-espana,stage,4.0,Astana Qazaqstan Team,0,2.UWT,,,0.0,,,,,,,0.0,106.0,76.0,0.0,0.0,4.0,152.63,152.0,0.582,0.0,0.0,0.0,130.0,0.582,22.2,0.0,0.0,0.0,0.0,0.0,0.0,2319.0,2197.0,1100.0,499.0,5.0,0.0,2.0,0.0,0.0,0.9998,0.8816,0.8816,0.0,0.0,8.0,3.6,2.26,147.0,0.17,415.0,0,0,0.0,100.0,0.0,0.0,0.0,0.0,0.0,0.0,0.0,967.0,28.0,Sprint of large group,2.0,2.0,⛰️  Moy. montagne,0
2022-08-24,2022,vuelta-a-espana,stage,5.0,Astana Qazaqstan Team,0,2.UWT,,,0.0,,,,,,,0.0,106.0,76.0,0.0,0.0,5.0,187.64,172.0,9.52,0.19,3.94,0.0,78.1,2.82,103.0,2.24,1.33,0.0,2.21,0.16,0.0,2952.0,2965.0,431.0,1.0,1.0,3.0,3.0,0.0,0.0,0.9219,0.9219,0.9219,0.0,0.0,1.1,-1.6,-2.86,11.0,-0.04,486.0,0,0,0.0,100.0,0.0,0.0,0.0,0.0,0.0,0.0,0.0,967.0,29.0,15.4 km solo,2.0,2.0,⛰️  Moy. montagne,0
2022-08-25,2022,vuelta-a-espana,stage,6.0,Astana Qazaqstan Team,0,2.UWT,,,0.0,,,,,,,0.0,106.0,76.0,0.0,0.0,6.0,181.53,166.0,15.5,0.0,0.102,0.0,108.0,0.773,72.8,0.0,0.0,0.0,0.271,0.282,0.0,4116.0,2989.0,1131.0,4.0,2.0,1.0,2.0,1.0,1.0,0.9993,0.9993,0.9993,0.9993,0.9993,5.5,6.6,5.9,306.0,0.2,770.0,0,0,0.0,100.0,0.0,0.0,0.0,0.0,0.0,0.0,0.0,967.0,21.0,6.5 km solo,1.0,3.0,🏔️  Haute montagne,0
2022-08-26,2022,vuelta-a-espana,stage,7.0,Astana Qazaqstan Team,0,2.UWT,,,0.0,,,,,,,40.0,106.0,76.0,0.0,0.0,7.0,190.61,189.0,0.447,0.0,0.0,0.0,30.0,0.527,159.0,0.443,0.177,0.0,0.795,0.309,0.0,3303.0,2425.0,1600.0,3.0,4.0,1.0,0.0,0.0,1.0,0.8943,0.7117,0.7117,0.7117,0.7117,-0.4,-0.67,-0.24,51.0,0.28,684.0,0,0,0.0,100.0,0.0,0.0,0.0,0.0,0.0,0.0,0.0,967.0,22.0,Sprint of small group,0.0,2.0,⛰️  Moy. montagne,0
2022-08-27,2022,vuelta-a-espana,stage,8.0,Astana Qazaqstan Team,0,2.UWT,,,0.0,,,,,,,-25.0,106.0,76.0,0.0,0.0,8.0,155.18,152.0,1.79,0.0,0.354,0.0,139.0,1.83,12.7,0.0,0.746,0.0,0.544,0.682,0.0,3741.0,2982.0,1084.0,54.0,1.0,2.0,3.0,0.0,1.0,0.9999,0.9999,0.9999,0.9999,0.9999,9.2,9.1,8.02,345.0,0.97,1176.0,0,0,0.0,100.0,0.0,0.0,0.0,0.0,0.0,0.0,0.0,967.0,20.0,5.9 km solo,1.0,3.0,🏔️  Haute montagne,0
2022-08-28,2022,vuelta-a-espana,stage,9.0,Astana Qazaqstan Team,0,2.UWT,,,0.0,,,,,,,40.0,106.0,76.0,0.0,0.0,9.0,172.21,171.0,1.28,0.0,0.242,0.0,118.0,2.66,51.0,0.0,0.264,0.0,0.0,0.242,0.0,3671.0,2932.0,743.0,1.0,2.0,1.0,3.0,1.0,0.0,0.9999,0.9999,0.9999,0.9999,0.0,9.5,12.63,8.6,413.0,0.48,799.0,0,0,0.0,100.0,0.0,0.0,0.0,0.0,0.0,0.0,0.0,967.0,24.0,2.5 km solo,-4.0,3.0,🏔️  Haute montagne,0
2022-08-28,2022,bretagne-classic,result,,Astana Qazaqstan Team,0,1.UWT,,,0.0,,,,,,,24.0,24.0,0.0,0.0,0.0,,255.68,178.0,77.8,0.0,0.0,0.0,222.0,4.93,28.2,0.939,0.0,0.0,0.0,0.0,0.0,2996.0,2999.0,248.0,5.0,8.0,1.0,0.0,0.0,0.0,0.9679,0.6838,0.0,0.0,0.0,-2.2,-1.63,-0.34,75.0,0.06,573.0,0,0,0.0,400.0,0.0,0.0,0.0,0.0,0.0,0.0,0.0,797.0,25.0,Sprint of small group,8.0,2.0,⛰️  Moy. montagne,0
2022-08-30,2022,vuelta-a-espana,stage,10.0,Astana Qazaqstan Team,0,2.UWT,,,0.0,,,,,,,0.0,106.0,76.0,0.0,0.0,10.0,30.97,18.3,10.6,0.0,0.0,0.0,17.6,1.07,9.18,1.64,0.975,0.0,2.14,0.846,0.0,100.0,162.0,83.0,-2.0,0.0,0.0,0.0,0.0,0.0,0.0,0.0,0.0,0.0,0.0,-2.0,0.43,0.36,59.0,-0.2,100.0,0,0,0.0,100.0,0.0,0.0,0.0,0.0,0.0,0.0,0.0,967.0,,Time trial,4.8,1.0,🟢  Plat/Sprint,0
2022-08-31,2022,vuelta-a-espana,stage,11.0,Astana Qazaqstan Team,0,2.UWT,,,0.0,,,,,,,0.0,106.0,76.0,0.0,0.0,11.0,191.54,188.0,2.13,0.0,0.131,0.0,144.0,3.67,40.6,1.69,0.163,0.0,0.513,0.489,0.131,1588.0,1772.0,332.0,-3.0,6.0,1.0,0.0,0.0,0.0,0.9342,0.8441,0.0,0.0,0.0,0.1,0.0,-0.1,15.0,0.27,238.0,0,0,0.0,100.0,0.0,0.0,0.0,0.0,0.0,0.0,0.0,967.0,30.0,Sprint of large group,12.8,2.0,⛰️  Moy. montagne,0
2022-09-01,2022,vuelta-a-espana,stage,12.0,Astana Qazaqstan Team,0,2.UWT,,,0.0,,,,,,,0.0,106.0,76.0,0.0,0.0,12.0,195.51,169.0,5.09,1.83,1.33,3.34,77.9,7.22,87.8,0.175,14.6,0.0,16.3,8.93,0.148,3143.0,1950.0,1268.0,1.0,4.0,0.0,1.0,0.0,1.0,0.9985,0.9985,0.9985,0.9985,0.9985,7.5,7.27,6.68,195.0,-0.14,621.0,0,0,0.0,100.0,2.125,3.238,0.0,0.0,0.0,0.0,0.0,967.0,31.0,1.9 km solo,3.0,3.0,🏔️  Haute montagne,0
2022-09-02,2022,vuelta-a-espana,stage,13.0,Astana Qazaqstan Team,0,2.UWT,,,0.0,,,,,,,0.0,106.0,76.0,0.0,0.0,13.0,168.39,168.0,0.243,0.0,0.0,0.0,145.0,0.146,22.7,0.0,0.298,0.0,0.298,0.0,0.0,1766.0,2151.0,894.0,225.0,6.0,2.0,0.0,0.0,0.0,0.9998,0.8681,0.0,0.0,0.0,4.2,1.63,2.18,196.0,-0.63,450.0,0,0,0.0,100.0,0.0,0.0,0.0,0.0,0.0,0.0,0.0,967.0,31.0,Sprint of large group,12.8,2.0,⛰️  Moy. montagne,0
2022-09-03,2022,vuelta-a-espana,stage,14.0,Astana Qazaqstan Team,0,2.UWT,,,0.0,,,,,,,0.0,106.0,76.0,0.0,0.0,14.0,160.67,155.0,3.75,0.197,0.0,0.0,130.0,2.51,27.4,0.0,0.569,0.0,1.47,0.338,0.0,3312.0,1677.0,1815.0,180.0,4.0,1.0,1.0,0.0,1.0,0.9997,0.9997,0.9997,0.9997,0.9997,1.1,6.17,8.26,384.0,0.07,469.0,0,0,0.0,100.0,0.0,0.0,0.0,0.0,0.0,0.0,0.0,967.0,30.0,3.3 km solo,3.0,3.0,🏔️  Haute montagne,0
2022-09-04,2022,vuelta-a-espana,stage,15.0,Astana Qazaqstan Team,0,2.UWT,,,0.0,,,,,,,-25.0,106.0,76.0,0.0,0.0,15.0,152.79,152.0,0.0,0.168,0.0,0.0,91.3,0.121,59.5,1.51,0.182,0.0,0.0,0.0,0.0,4033.0,2182.0,2507.0,560.0,7.0,0.0,1.0,1.0,1.0,0.9998,0.9998,0.9998,0.9998,0.9998,7.1,6.17,6.56,399.0,0.32,921.0,0,0,0.0,100.0,0.0,0.0,0.0,0.0,0.0,0.0,0.0,967.0,28.0,6.5 km solo,3.0,3.0,🏔️  Haute montagne,0
2022-09-06,2022,vuelta-a-espana,stage,16.0,Astana Qazaqstan Team,0,2.UWT,,,0.0,,,,,,,0.0,106.0,76.0,0.0,0.0,16.0,189.79,188.0,1.38,0.0,0.0,0.0,160.0,2.3,26.9,0.0,0.454,0.0,0.0,0.0,0.0,1068.0,988.0,152.0,0.0,3.0,0.0,0.0,0.0,0.0,0.9998,0.0,0.0,0.0,0.0,2.1,2.13,1.62,101.0,0.09,268.0,0,0,0.0,100.0,0.0,0.0,0.0,0.0,0.0,0.0,0.0,967.0,31.0,Sprint of small group,4.8,1.0,🟢  Plat/Sprint,0
2022-09-07,2022,vuelta-a-espana,stage,17.0,Astana Qazaqstan Team,0,2.UWT,,,0.0,,,,,,,0.0,106.0,76.0,0.0,0.0,17.0,162.11,115.0,47.0,0.0,0.341,0.0,56.3,2.84,103.0,0.0,0.0,0.0,0.0,0.341,0.0,2755.0,2373.0,1095.0,262.0,2.0,5.0,0.0,0.0,1.0,0.9997,0.9997,0.9997,0.9997,0.9997,7.8,7.47,6.08,371.0,-0.28,663.0,0,0,0.0,100.0,0.0,0.0,0.0,0.0,0.0,0.0,0.0,967.0,27.0,Sprint of small group,-2.0,3.0,🏔️  Haute montagne,0
2022-09-08,2022,okolo-jiznich-cech,stage,1.0,Astana Qazaqstan Development Team,0,2.2,,,0.0,,,,,,,0.0,0.0,0.0,0.0,0.0,1.0,0.0,6.23,0.993,0.0,0.0,0.0,3.45,0.711,0.0,1.44,0.276,0.0,0.276,1.63,0.0,0.0,0.0,0.0,0.0,0.0,0.0,0.0,0.0,0.0,0.0,0.0,0.0,0.0,0.0,0.0,0.0,0.0,0.0,0.0,0.0,1,0,0.0,7.0,0.0,0.0,0.0,0.0,0.0,0.0,0.0,29.0,,Time trial,0.0,1.0,🟢  Plat/Sprint,0
2022-09-08,2022,vuelta-a-espana,stage,18.0,Astana Qazaqstan Team,0,2.UWT,,,0.0,,,,,,,0.0,106.0,76.0,0.0,0.0,18.0,192.11,150.0,42.3,0.0,0.0,0.0,184.0,0.98,6.8,0.0,0.0,0.0,0.0,0.0,0.0,3680.0,3018.0,1270.0,208.0,5.0,0.0,1.0,1.0,1.0,0.9999,0.9999,0.9999,0.9999,0.7663,6.8,6.1,5.88,335.0,-0.51,415.0,0,0,0.0,100.0,0.0,0.0,0.0,0.0,0.0,0.0,0.0,967.0,26.0,Sprint of small group,3.0,3.0,🏔️  Haute montagne,0
2022-09-09,2022,vuelta-a-espana,stage,19.0,Astana Qazaqstan Team,0,2.UWT,,,0.0,,,,,,,0.0,106.0,76.0,0.0,0.0,19.0,138.94,138.0,0.713,0.0,0.0,0.0,129.0,0.0,9.3,0.0,0.0,0.0,0.0,0.0,0.0,2276.0,2280.0,1223.0,364.0,0.0,0.0,0.0,0.0,2.0,0.7016,0.7016,0.7016,0.7016,0.7016,-0.3,0.1,0.06,22.0,0.48,1080.0,0,0,0.0,100.0,0.0,0.0,0.0,0.0,0.0,0.0,0.0,967.0,29.0,Sprint of large group,18.8,2.0,⛰️  Moy. montagne,0
2022-09-09,2022,gp-quebec,result,,Astana Qazaqstan Team,0,1.UWT,,,0.0,,,,,,,30.0,30.0,0.0,0.0,0.0,,204.13,180.0,11.0,4.16,0.0,0.0,53.2,45.7,86.5,8.77,10.5,0.0,10.9,1.73,0.0,2416.0,2416.0,101.0,5.0,16.0,0.0,0.0,0.0,0.0,0.9998,0.0,0.0,0.0,0.0,4.3,2.33,1.74,121.0,-0.09,560.0,0,0,0.0,500.0,1.087,0.0,0.578,0.0,0.323,0.0,0.0,866.0,18.0,2.1 km solo,12.8,2.0,⛰️  Moy. montagne,0
2022-09-09,2022,okolo-jiznich-cech,stage,2.0,Astana Qazaqstan Development Team,0,2.2,,,0.0,,,,,,,0.0,0.0,0.0,0.0,0.0,2.0,0.0,128.0,15.6,0.0,0.0,0.0,137.0,5.99,0.0,0.0,0.0,0.0,0.0,0.0,0.0,0.0,0.0,0.0,0.0,0.0,0.0,0.0,0.0,0.0,0.0,0.0,0.0,0.0,0.0,0.0,0.0,0.0,0.0,0.0,0.0,1,0,0.0,7.0,0.0,0.0,0.0,0.0,0.0,0.0,0.0,29.0,19.0,Sprint of large group,0.0,1.0,🟢  Plat/Sprint,0
2022-09-10,2022,vuelta-a-espana,stage,20.0,Astana Qazaqstan Team,0,2.UWT,,,0.0,,,,,,,0.0,106.0,76.0,0.0,0.0,20.0,181.44,170.0,10.5,0.374,0.138,0.0,127.0,0.503,52.9,0.0,0.39,0.0,0.397,0.0,0.138,3977.0,3021.0,1854.0,885.0,0.0,0.0,1.0,2.0,2.0,0.9998,0.9998,0.9998,0.9998,0.9998,1.6,0.73,0.54,45.0,0.54,1131.0,0,0,0.0,100.0,0.0,0.0,0.0,0.0,0.0,0.0,0.0,967.0,26.0,7.2 km solo,-5.0,3.0,🏔️  Haute montagne,0
2022-09-10,2022,okolo-jiznich-cech,stage,3.0,Astana Qazaqstan Development Team,0,2.2,,,0.0,,,,,,,0.0,0.0,0.0,0.0,0.0,3.0,0.0,148.0,7.56,1.3,0.259,0.0,150.0,5.09,0.0,0.137,1.79,0.0,2.13,2.61,0.0,0.0,0.0,0.0,0.0,0.0,0.0,0.0,0.0,0.0,0.0,0.0,0.0,0.0,0.0,0.0,0.0,0.0,0.0,0.0,0.0,1,0,0.0,7.0,0.0,0.0,0.0,0.0,0.0,0.0,0.0,29.0,17.0,Sprint of large group,0.0,1.0,🟢  Plat/Sprint,0
2022-09-11,2022,okolo-jiznich-cech,stage,4.0,Astana Qazaqstan Development Team,0,2.2,,,0.0,,,,,,,0.0,0.0,0.0,0.0,0.0,4.0,0.0,160.0,7.96,1.14,0.0,0.0,157.0,12.1,0.148,0.316,0.609,0.0,0.935,0.461,0.0,0.0,0.0,0.0,0.0,0.0,0.0,0.0,0.0,0.0,0.0,0.0,0.0,0.0,0.0,0.0,0.0,0.0,0.0,0.0,0.0,1,0,0.0,7.0,0.0,0.0,0.0,0.0,0.0,0.0,0.0,29.0,15.0,Sprint of large group,0.0,2.0,⛰️  Moy. montagne,0
2022-09-11,2022,vuelta-a-espana,stage,21.0,Astana Qazaqstan Team,0,2.UWT,,,0.0,,,,,,,0.0,106.0,76.0,0.0,0.0,21.0,97.69,87.1,1.8,0.337,0.0,2.94,32.4,7.94,38.0,6.2,2.24,0.0,3.49,5.91,0.0,773.0,872.0,775.0,585.0,2.0,0.0,0.0,0.0,0.0,0.5112,0.0,0.0,0.0,0.0,1.6,-0.6,-0.18,63.0,-0.21,397.0,0,0,0.0,100.0,0.184,0.0,0.082,0.0,0.041,0.0,0.0,967.0,34.0,Sprint of large group,4.8,1.0,🟢  Plat/Sprint,0
2022-09-11,2022,gp-montreal,result,,Astana Qazaqstan Team,0,1.UWT,,,0.0,,,,,,,30.0,30.0,0.0,0.0,0.0,,226.25,209.0,3.89,0.0,0.0,0.0,106.0,55.5,0.0,47.9,11.8,0.0,11.4,4.43,0.0,4046.0,4052.0,208.0,61.0,18.0,0.0,0.0,0.0,0.0,0.96,0.0,0.0,0.0,0.0,-0.3,-0.7,-0.72,462.0,-0.02,890.0,0,0,0.0,500.0,0.0,0.0,0.0,0.0,0.0,0.0,0.0,864.0,22.0,Sprint of small group,10.8,2.0,⛰️  Moy. montagne,0
2022-09-13,2022,okolo-slovenska,prologue,,Astana Qazaqstan Team,0,2.1,,,0.0,,,,,,,0.0,68.0,63.0,0.0,0.0,,,,,,,,,,,,,,,,,,,,,0.0,0.0,0.0,0.0,0.0,,,,,,,,,,,,1,0,0.0,,,,,,,,,,,,,,,0
2022-09-14,2022,okolo-slovenska,stage,1.0,Astana Qazaqstan Team,0,2.1,,,0.0,,,,,,,5.0,68.0,63.0,0.0,0.0,1.0,,,,,,,,,,,,,,,,,,,,0.0,0.0,0.0,0.0,0.0,,,,,,,,,,,,1,0,0.0,,,,,,,,,81.0,20.0,Sprint of large group,,,,0
2022-09-14,2022,giro-di-toscana,result,,Astana Qazaqstan Team,0,1.1,,,0.0,,,,,,,3.0,3.0,0.0,0.0,0.0,,199.34,196.0,2.33,0.0,0.0,0.0,151.0,0.245,47.0,0.0,0.215,0.0,0.27,0.0,0.0,2288.0,2283.0,800.0,7.0,1.0,1.0,0.0,2.0,0.0,0.828,0.828,0.828,0.828,0.0,-0.1,0.0,0.04,13.0,0.09,351.0,0,0,0.0,125.0,0.0,0.0,0.0,0.0,0.0,0.0,0.0,227.0,27.0,Sprint of small group,12.0,2.0,⛰️  Moy. montagne,0
2022-09-15,2022,okolo-slovenska,stage,2.0,Astana Qazaqstan Team,0,2.1,,,0.0,,,,,,,0.0,68.0,63.0,0.0,0.0,2.0,,,,,,,,,,,,,,,,,,,,0.0,0.0,0.0,0.0,0.0,,,,,,,,,,,,1,0,0.0,,,,,,,,,81.0,20.0,Sprint of small group,,,,0
2022-09-15,2022,gp-citta-di-peccioli,result,,Astana Qazaqstan Team,0,1.Pro,,,0.0,,,,,,,65.0,65.0,0.0,0.0,0.0,,202.18,172.0,29.0,0.708,0.0,0.0,152.0,5.05,44.5,0.0,1.09,0.0,1.09,0.0,0.0,2519.0,2540.0,209.0,34.0,19.0,1.0,0.0,0.0,0.0,0.9997,0.1437,0.0,0.0,0.0,5.4,2.4,1.6,101.0,-0.19,446.0,0,0,0.0,200.0,0.135,0.0,0.0,0.0,0.0,0.0,0.0,318.0,26.0,Sprint of small group,12.6,2.0,⛰️  Moy. montagne,0
2022-09-16,2022,okolo-slovenska,stage,3.0,Astana Qazaqstan Team,0,2.1,,,0.0,,,,,,,0.0,68.0,63.0,0.0,0.0,3.0,,,,,,,,,,,,,,,,,,,,0.0,0.0,0.0,0.0,0.0,,,,,,,,,,,,1,0,0.0,,,,,,,,,81.0,18.0,Sprint of large group,,,,0
2022-09-17,2022,okolo-slovenska,stage,4.0,Astana Qazaqstan Team,0,2.1,,,0.0,,,,,,,0.0,68.0,63.0,0.0,0.0,4.0,,,,,,,,,,,,,,,,,,,,0.0,0.0,0.0,0.0,0.0,,,,,,,,,,,,1,0,0.0,,,,,,,,,81.0,15.0,Other,,,,0
2022-09-29,2022,coppa-agostoni,result,,Astana Qazaqstan Team,0,1.1,,,0.0,,,,,,,33.0,33.0,0.0,0.0,0.0,,194.45,160.0,33.6,0.65,0.0,0.0,186.0,4.4,0.267,2.94,0.0,0.0,0.0,0.267,0.0,3189.0,3206.0,539.0,187.0,4.0,5.0,4.0,0.0,0.0,0.8498,0.8498,0.7905,0.0,0.0,-0.7,-0.5,-0.48,2.0,0.05,565.0,0,0,0.0,125.0,0.255,0.0,0.213,0.0,0.0,0.0,0.0,347.0,17.0,Sprint of small group,25.6,2.0,⛰️  Moy. montagne,0
2022-10-01,2022,giro-dell-emilia,result,,Astana Qazaqstan Team,0,1.Pro,,,0.0,,,,,,,5.0,5.0,0.0,0.0,0.0,,197.88,185.0,6.39,6.27,0.0,0.0,159.0,3.76,28.5,6.39,0.0,0.0,0.0,0.142,0.0,2994.0,2754.0,758.0,20.0,0.0,5.0,1.0,1.0,0.0,0.9994,0.9994,0.5782,0.3154,0.0,8.4,5.9,1.68,202.0,0.02,64.0,0,0,0.0,200.0,4.51,0.0,2.436,0.0,0.902,0.0,0.0,729.0,19.0,1.8 km solo,-5.0,3.0,🏔️  Haute montagne,0
2022-10-03,2022,coppa-bernocchi,result,,Astana Qazaqstan Team,0,1.Pro,,,0.0,,,,,,,85.0,85.0,0.0,0.0,0.0,,189.61,176.0,12.1,0.764,0.0,0.0,164.0,9.76,13.7,1.15,0.204,0.263,0.204,0.0,0.0,2087.0,2092.0,392.0,174.0,0.0,7.0,0.0,0.0,0.0,0.8374,0.8374,0.0,0.0,0.0,-0.2,-0.4,-0.42,7.0,0.21,279.0,0,0,0.0,200.0,0.142,0.0,0.142,0.0,0.142,0.0,0.0,395.0,22.0,Sprint of large group,26.2,2.0,⛰️  Moy. montagne,0
2022-10-04,2022,tre-valli-varesine,result,,Astana Qazaqstan Team,0,1.Pro,,,0.0,,,,,,,25.0,25.0,0.0,0.0,0.0,,194.59,182.0,6.85,0.851,0.0,0.0,110.0,31.4,31.7,15.9,0.0,0.851,0.243,0.277,0.1,3464.0,3313.0,481.0,224.0,2.0,12.0,0.0,0.0,0.0,0.9954,0.9505,0.0,0.0,0.0,-0.6,2.7,0.54,128.0,0.15,503.0,0,0,0.0,200.0,0.08,0.0,0.0,0.0,0.0,0.0,0.0,913.0,20.0,Sprint of small group,43.2,2.0,⛰️  Moy. montagne,0
2022-10-06,2022,gran-piemonte,result,,Astana Qazaqstan Team,0,1.Pro,,,0.0,,,,,,,5.0,5.0,0.0,0.0,0.0,,198.71,195.0,1.26,0.903,0.713,0.0,163.0,0.0,32.3,2.48,0.552,0.0,0.587,0.0,0.0,1426.0,1507.0,644.0,150.0,2.0,1.0,1.0,0.0,0.0,0.6804,0.6804,0.6804,0.0,0.0,0.4,0.0,0.08,27.0,-0.16,568.0,1,0,0.0,200.0,0.0,0.0,0.0,0.0,0.0,0.0,0.0,425.0,22.0,Sprint of small group,42.2,2.0,⛰️  Moy. montagne,0
2022-10-08,2022,il-lombardia,result,,Astana Qazaqstan Team,0,1.UWT,,,0.0,,,,,,,23.0,23.0,0.0,0.0,0.0,,253.14,248.0,1.52,0.399,0.0,0.0,214.0,1.55,31.5,2.87,2.79,0.0,3.77,0.956,0.16,4852.0,4910.0,1070.0,199.0,4.0,5.0,3.0,0.0,1.0,0.976,0.976,0.9255,0.2633,0.2633,-0.5,-3.37,-3.88,2.0,1.6,1203.0,0,0,0.0,500.0,0.0,0.0,0.0,0.0,0.0,0.0,0.0,1018.0,20.0,Sprint à deux,42.6,2.0,⛰️  Moy. montagne,0
2022-10-11,2022,tour-de-langkawi,stage,1.0,Astana Qazaqstan Team,0,2.Pro,,,0.0,,,,,,,20.0,68.0,43.0,0.0,0.0,1.0,159.97,160.0,0.226,0.0,0.0,0.0,72.9,0.18,87.0,0.0,0.0,0.0,0.0,0.0,0.0,1589.0,1671.0,309.0,33.0,1.0,4.0,0.0,0.0,0.0,0.9255,0.9255,0.0,0.0,0.0,-0.1,-0.13,-0.18,12.0,-0.15,501.0,1,0,0.0,20.0,0.0,0.0,0.0,0.0,0.0,0.0,0.0,121.0,,Sprint of large group,34.2,2.0,⛰️  Moy. montagne,0
2022-10-12,2022,tour-de-langkawi,stage,2.0,Astana Qazaqstan Team,0,2.Pro,,,0.0,,,,,,,10.0,68.0,43.0,0.0,0.0,2.0,180.9,180.0,1.16,0.0,0.0,0.0,44.8,0.0,136.0,0.0,0.0,0.0,0.0,0.0,0.0,1382.0,1374.0,207.0,48.0,3.0,0.0,0.0,0.0,0.0,0.9775,0.0,0.0,0.0,0.0,-0.5,-0.4,-0.18,146.0,-0.09,335.0,1,0,0.0,20.0,0.0,0.0,0.0,0.0,0.0,0.0,0.0,121.0,,Sprint of large group,0.0,1.0,🟢  Plat/Sprint,0
2022-10-12,2022,giro-del-veneto,result,,Astana Qazaqstan Team,0,1.1,,,0.0,,,,,,,0.0,0.0,0.0,0.0,0.0,,159.82,155.0,2.64,1.44,0.0,0.0,142.0,3.0,7.38,6.08,0.234,0.0,0.0,0.45,0.363,1518.0,1495.0,249.0,4.0,5.0,1.0,0.0,0.0,0.0,0.9273,0.5772,0.0,0.0,0.0,0.1,0.1,-1.58,24.0,0.01,321.0,0,0,0.0,125.0,1.175,0.0,0.0,0.0,0.0,0.0,0.0,198.0,22.0,Sprint à deux,4.8,1.0,🟢  Plat/Sprint,0
2022-10-13,2022,tour-de-langkawi,stage,3.0,Astana Qazaqstan Team,0,2.Pro,,,0.0,,,,,,,0.0,68.0,43.0,0.0,0.0,3.0,120.71,102.0,0.561,0.0,0.701,0.0,71.8,0.466,30.3,0.0,17.8,0.0,17.8,0.0,0.741,2821.0,1196.0,1649.0,12.0,1.0,2.0,0.0,0.0,1.0,0.9995,0.9995,0.9995,0.9995,0.9995,10.0,9.83,9.34,463.0,0.45,591.0,1,0,0.0,20.0,0.0,0.0,0.0,0.0,0.0,0.0,0.0,121.0,,1.2 km solo,-4.0,3.0,🏔️  Haute montagne,0
2022-10-14,2022,tour-de-langkawi,stage,4.0,Astana Qazaqstan Team,0,2.Pro,,,0.0,,,,,,,0.0,68.0,43.0,0.0,0.0,4.0,134.85,135.0,0.0,0.0,0.0,0.0,81.7,0.0,53.1,0.0,0.0,0.0,0.0,0.0,0.0,349.0,297.0,87.0,0.0,1.0,0.0,0.0,0.0,0.0,0.8839,0.0,0.0,0.0,0.0,-0.1,0.17,-0.04,103.0,-0.01,56.0,1,0,0.0,20.0,0.0,0.0,0.0,0.0,0.0,0.0,0.0,121.0,,Sprint of large group,2.0,1.0,🟢  Plat/Sprint,0
2022-10-15,2022,tour-de-langkawi,stage,5.0,Astana Qazaqstan Team,0,2.Pro,,,0.0,,,,,,,0.0,68.0,43.0,0.0,0.0,5.0,174.05,174.0,0.0,0.0,0.0,0.0,25.4,0.0,149.0,0.267,0.0,0.0,0.0,0.0,0.0,1621.0,1627.0,565.0,13.0,0.0,0.0,1.0,0.0,0.0,0.383,0.383,0.383,0.0,0.0,-0.2,0.23,0.06,82.0,0.09,437.0,1,0,0.0,20.0,0.0,0.0,0.0,0.0,0.0,0.0,0.0,121.0,,Sprint à deux,2.0,1.0,🟢  Plat/Sprint,0
2022-10-16,2022,veneto-classic,result,,Astana Qazaqstan Team,0,1.1,,,0.0,,,,,,,10.0,10.0,0.0,0.0,0.0,,190.49,170.0,17.3,0.752,1.28,0.0,143.0,8.07,23.3,11.5,1.09,0.0,1.37,2.91,0.641,2508.0,2406.0,353.0,25.0,2.0,7.0,1.0,0.0,0.0,0.974,0.9383,0.2105,0.0,0.0,1.8,-0.53,-0.18,102.0,0.38,463.0,0,0,0.0,125.0,0.907,0.0,0.412,0.0,0.164,0.0,0.0,158.0,21.0,? km solo,31.6,2.0,⛰️  Moy. montagne,0
2022-10-16,2022,tour-de-langkawi,stage,6.0,Astana Qazaqstan Team,0,2.Pro,,,0.0,,,,,,,-5.0,68.0,43.0,0.0,0.0,6.0,118.62,112.0,0.0,0.299,0.263,0.0,4.68,0.593,96.6,0.0,6.62,0.0,6.46,0.153,0.263,170.0,175.0,49.0,-9.0,0.0,0.0,0.0,0.0,0.0,0.0,0.0,0.0,0.0,0.0,0.0,-0.03,-0.02,10.0,0.0,48.0,1,0,0.0,20.0,0.0,0.0,0.0,0.0,0.0,0.0,0.0,121.0,,Sprint of large group,2.0,1.0,🟢  Plat/Sprint,0
2022-10-17,2022,tour-de-langkawi,stage,7.0,Astana Qazaqstan Team,0,2.Pro,,,0.0,,,,,,,0.0,68.0,43.0,0.0,0.0,7.0,105.99,106.0,0.0,0.0,0.0,0.0,30.6,0.0,75.4,0.0,0.0,0.0,0.0,0.0,0.0,912.0,909.0,78.0,2.0,0.0,0.0,0.0,0.0,0.0,0.0,0.0,0.0,0.0,0.0,0.1,-0.67,-0.28,138.0,0.02,361.0,1,0,0.0,20.0,0.0,0.0,0.0,0.0,0.0,0.0,0.0,121.0,,Sprint of small group,1.0,1.0,🟢  Plat/Sprint,0
2022-10-18,2022,tour-de-langkawi,stage,8.0,Astana Qazaqstan Team,0,2.Pro,,,0.0,,,,,,,0.0,68.0,43.0,0.0,0.0,8.0,114.77,115.0,0.0,0.0,0.0,0.0,35.8,0.0,78.9,0.0,0.0,0.0,0.0,0.0,0.0,1046.0,1043.0,78.0,2.0,0.0,0.0,0.0,0.0,0.0,0.0,0.0,0.0,0.0,0.0,0.1,-0.67,-0.28,138.0,0.02,361.0,1,0,0.0,20.0,0.0,0.0,0.0,0.0,0.0,0.0,0.0,121.0,,Sprint à deux,1.0,1.0,🟢  Plat/Sprint,0
2023-01-15,2023,vuelta-al-tachira,stage,1.0,GW Shimano-Sidermec,0,2.2,,,0.0,,,,,,,3.0,11.0,0.0,0.0,0.0,1.0,152.23,118.0,6.17,0.0,0.0,0.0,116.0,7.9,0.0,0.0,30.7,0.0,30.7,0.0,0.0,1780.0,1753.0,854.0,781.0,0.0,0.0,0.0,0.0,0.0,0.0,0.0,0.0,0.0,0.0,1.4,0.7,0.34,156.0,0.03,584.0,1,0,0.0,7.0,0.0,0.0,0.0,0.0,0.0,0.0,0.0,4.0,19.0,Sprint of large group,,1.0,🟢  Plat/Sprint,0
2023-01-16,2023,vuelta-al-tachira,stage,2.0,GW Shimano-Sidermec,0,2.2,,,0.0,,,,,,,0.0,11.0,0.0,0.0,0.0,2.0,142.14,1.54,2.69,0.0,0.0,0.0,0.484,2.88,1.06,0.0,139.0,0.0,139.0,0.0,0.0,1743.0,1565.0,780.0,188.0,2.0,0.0,1.0,0.0,0.0,0.9996,0.9996,0.9996,0.0,0.0,4.7,3.67,3.04,237.0,-0.78,538.0,1,0,0.0,7.0,0.0,0.0,0.0,0.0,0.0,0.0,0.0,4.0,21.0,? km solo,3.0,1.0,🟢  Plat/Sprint,0
2023-01-17,2023,vuelta-al-tachira,stage,3.0,GW Shimano-Sidermec,0,2.2,,,0.0,,,,,,,7.0,11.0,0.0,0.0,0.0,3.0,128.16,2.77,5.11,0.0,0.0,0.0,1.91,4.32,1.68,0.0,121.0,0.0,120.0,0.0,0.0,1079.0,1734.0,1060.0,54.0,1.0,0.0,1.0,0.0,0.0,0.9994,0.2891,0.2891,0.0,0.0,1.1,0.2,0.58,188.0,-0.65,767.0,1,0,0.0,7.0,0.0,0.0,0.0,0.0,0.0,0.0,0.0,4.0,20.0,Sprint of large group,1.5,1.0,🟢  Plat/Sprint,0
2023-01-18,2023,vuelta-al-tachira,stage,4.0,GW Shimano-Sidermec,0,2.2,,,0.0,,,,,,,0.0,11.0,0.0,0.0,0.0,4.0,133.85,112.0,21.8,0.0,0.0,0.0,3.34,22.0,108.0,0.0,0.0,0.0,0.0,0.0,0.0,2326.0,1478.0,1604.0,753.0,9.0,0.0,0.0,0.0,1.0,0.9996,0.9996,0.9996,0.9996,0.9996,4.3,4.43,4.76,484.0,0.81,915.0,1,0,0.0,7.0,0.0,0.0,0.0,0.0,0.0,0.0,0.0,4.0,18.0,? km solo,,3.0,🏔️  Haute montagne,0
2023-01-19,2023,vuelta-al-tachira,stage,5.0,GW Shimano-Sidermec,0,2.2,,,0.0,,,,,,,0.0,11.0,0.0,0.0,0.0,5.0,134.15,12.7,4.13,0.0,0.0,0.0,0.203,4.24,12.5,0.0,118.0,0.0,118.0,0.0,0.0,2226.0,897.0,1492.0,53.0,1.0,1.0,0.0,0.0,1.0,0.9948,0.9948,0.9948,0.9948,0.9948,6.7,6.83,6.74,636.0,-0.08,212.0,1,0,0.0,7.0,0.0,0.0,0.0,0.0,0.0,0.0,0.0,4.0,21.0,-,0.0,3.0,🏔️  Haute montagne,0
2023-01-20,2023,vuelta-al-tachira,stage,6.0,GW Shimano-Sidermec,0,2.2,,,0.0,,,,,,,0.0,11.0,0.0,0.0,0.0,6.0,132.05,18.5,11.5,0.0,0.0,0.0,21.4,4.7,3.79,0.0,103.0,0.0,86.1,0.0,0.0,3216.0,1046.0,2319.0,100.0,0.0,0.0,1.0,0.0,1.0,0.9931,0.9931,0.9931,0.9931,0.9931,-1.9,6.3,7.28,691.0,-0.01,207.0,1,0,0.0,7.0,0.0,0.0,0.0,0.0,0.0,0.0,0.0,4.0,19.0,-,0.0,3.0,🏔️  Haute montagne,0
2023-01-21,2023,vuelta-al-tachira,stage,7.0,GW Shimano-Sidermec,0,2.2,,,0.0,,,,,,,0.0,11.0,0.0,0.0,0.0,7.0,137.31,101.0,6.5,0.0,0.0,0.0,2.8,5.1,99.9,0.0,28.0,0.0,30.1,2.52,0.0,2288.0,1076.0,1518.0,300.0,5.0,1.0,0.0,0.0,1.0,0.9996,0.9996,0.9996,0.9996,0.9996,7.9,7.57,5.32,181.0,0.01,262.0,1,0,0.0,7.0,0.0,0.0,0.0,0.0,0.0,0.0,0.0,4.0,17.0,? km solo,0.0,3.0,🏔️  Haute montagne,0
2023-01-22,2023,vuelta-al-tachira,stage,8.0,GW Shimano-Sidermec,0,2.2,,,0.0,,,,,,,1.0,11.0,0.0,0.0,0.0,8.0,118.61,105.0,12.6,0.0,0.0,0.0,98.7,20.3,0.0,0.0,0.301,0.0,1.8,0.0,0.0,1780.0,1789.0,1051.0,951.0,12.0,0.0,0.0,0.0,0.0,0.9887,0.0,0.0,0.0,0.0,-1.8,1.9,1.36,151.0,-0.02,751.0,1,0,0.0,7.0,0.0,0.0,0.0,0.0,0.0,0.0,0.0,4.0,17.0,? km solo,,2.0,⛰️  Moy. montagne,0
2023-02-05,2023,nc-colombia,result,,GW Shimano-Sidermec,0,NC,,,0.0,,,,,,,70.0,70.0,0.0,0.0,0.0,,,,,,,,,,,,,,,,,,,,,0.0,0.0,0.0,0.0,0.0,,,,,,,,,,,,1,0,0.0,,,,,,,,,128.0,,8 km solo,,,,0
2023-03-19,2023,per-sempre-alfredo,result,,GW Shimano-Sidermec,0,1.1,,,0.0,,,,,,,3.0,3.0,0.0,0.0,0.0,,190.21,177.0,7.86,0.0,0.361,0.0,112.0,3.26,67.1,3.86,4.18,0.0,4.53,0.0,0.353,2519.0,2519.0,497.0,45.0,2.0,4.0,1.0,0.0,0.0,0.9543,0.9543,0.4669,0.0,0.0,1.0,0.07,-1.2,14.0,0.34,387.0,1,0,0.0,125.0,0.0,0.0,0.0,0.0,0.0,0.0,0.0,53.0,12.0,Sprint of small group,1.0,2.0,⛰️  Moy. montagne,0
2023-03-21,2023,settimana-internazionale-coppi-e-bartali,stage,1.0,GW Shimano-Sidermec,0,2.1,,,0.0,,,,,,,0.0,0.0,0.0,0.0,0.0,1.0,162.52,160.0,1.56,0.406,0.0,0.0,160.0,0.13,0.0,1.59,0.232,0.0,0.232,0.0,0.0,2804.0,2875.0,421.0,2.0,8.0,2.0,3.0,0.0,0.0,0.9029,0.8372,0.573,0.0,0.0,0.1,-0.17,-0.4,4.0,0.07,866.0,1,0,0.0,14.0,0.0,0.0,0.0,0.0,0.0,0.0,0.0,122.0,14.0,30 km solo,2.0,2.0,⛰️  Moy. montagne,0
2023-03-22,2023,settimana-internazionale-coppi-e-bartali,stage,2.0,GW Shimano-Sidermec,0,2.1,,,0.0,,,,,,,0.0,0.0,0.0,0.0,0.0,2.0,172.62,144.0,27.8,0.0,0.0,0.0,169.0,2.74,0.17,0.0,1.09,0.0,1.09,0.0,0.0,2829.0,2748.0,370.0,1.0,8.0,0.0,5.0,0.0,0.0,0.9998,0.9381,0.9381,0.0,0.0,6.9,3.33,1.74,120.0,-0.12,394.0,1,0,0.0,14.0,0.0,0.0,0.0,0.0,0.0,0.0,0.0,122.0,16.0,Sprint of small group,1.3333333333333333,2.0,⛰️  Moy. montagne,0
2023-03-23,2023,settimana-internazionale-coppi-e-bartali,stage,3.0,GW Shimano-Sidermec,0,2.1,,,0.0,,,,,,,0.0,0.0,0.0,0.0,0.0,3.0,139.85,128.0,0.613,0.0,9.82,0.0,130.0,0.754,5.1,2.59,1.81,0.0,1.88,0.0,0.0,2419.0,2422.0,451.0,23.0,0.0,2.0,3.0,0.0,0.0,0.8198,0.8198,0.6446,0.0,0.0,0.1,0.03,-0.06,7.0,0.1,931.0,1,0,0.0,14.0,0.0,0.0,0.0,0.0,0.0,0.0,0.0,122.0,19.0,Sprint of small group,1.0,2.0,⛰️  Moy. montagne,0
2023-03-24,2023,settimana-internazionale-coppi-e-bartali,stage,4.0,GW Shimano-Sidermec,0,2.1,,,0.0,,,,,,,0.0,0.0,0.0,0.0,0.0,4.0,160.43,113.0,46.8,0.0,0.188,0.0,135.0,21.5,0.0,2.82,0.0,0.0,0.121,0.313,0.0,3080.0,3071.0,817.0,109.0,3.0,2.0,2.0,1.0,0.0,0.9688,0.9688,0.6989,0.1779,0.0,1.2,0.13,-0.74,27.0,0.71,933.0,1,0,0.0,14.0,0.0,0.0,0.0,0.0,0.0,0.0,0.0,122.0,17.0,95 km solo,0.8,2.0,⛰️  Moy. montagne,0
2023-03-25,2023,settimana-internazionale-coppi-e-bartali,stage,5.0,GW Shimano-Sidermec,0,2.1,,,0.0,,,,,,,0.0,0.0,0.0,0.0,0.0,5.0,18.73,15.7,2.44,0.469,0.0,0.0,12.6,2.25,3.34,0.206,0.0,0.0,0.0,0.24,0.0,16.0,16.0,28.0,20.0,0.0,0.0,0.0,0.0,0.0,0.0,0.0,0.0,0.0,0.0,0.1,0.13,0.12,13.0,0.0,16.0,1,0,0.0,14.0,0.0,0.0,0.0,0.0,0.0,0.0,0.0,122.0,22.0,Time trial,3.3333333333333335,1.0,🟢  Plat/Sprint,0
2023-04-11,2023,giro-di-sicilia,stage,1.0,GW Shimano-Sidermec,0,2.1,,,0.0,,,,,,,0.0,0.0,0.0,0.0,0.0,1.0,158.27,156.0,0.968,0.0,0.0,0.0,60.5,1.82,94.7,0.0,1.22,0.0,1.31,0.357,0.0,1667.0,1423.0,425.0,1.0,3.0,1.0,1.0,0.0,0.0,0.9997,0.9997,0.3302,0.0,0.0,4.6,5.73,4.44,236.0,0.66,443.0,1,0,0.0,14.0,0.0,0.0,0.0,0.0,0.0,0.0,0.0,129.0,17.0,1.1 km solo,0.6,2.0,⛰️  Moy. montagne,0
2023-04-12,2023,giro-di-sicilia,stage,2.0,GW Shimano-Sidermec,0,2.1,,,0.0,,,,,,,0.0,0.0,0.0,0.0,0.0,2.0,193.93,192.0,1.62,0.124,0.0,0.0,61.8,1.84,130.0,0.0,0.433,0.0,0.476,0.102,0.0,2490.0,2762.0,808.0,116.0,5.0,2.0,0.0,1.0,0.0,0.8983,0.5102,0.5102,0.5102,0.0,0.6,0.3,-0.1,36.0,0.0,777.0,1,0,0.0,14.0,0.0,0.0,0.0,0.0,0.0,0.0,0.0,129.0,19.0,Sprint of large group,0.0,2.0,⛰️  Moy. montagne,0
2023-04-13,2023,giro-di-sicilia,stage,3.0,GW Shimano-Sidermec,0,2.1,,,0.0,,,,,,,0.0,0.0,0.0,0.0,0.0,3.0,150.72,150.0,0.552,0.0,0.0,0.0,93.2,0.788,56.3,0.0,0.0,0.0,0.0,0.0,0.0,1996.0,2511.0,1106.0,3.0,3.0,1.0,0.0,1.0,0.0,0.8965,0.5134,0.5134,0.5134,0.0,4.7,2.37,1.28,97.0,0.18,901.0,1,0,0.0,14.0,0.0,0.0,0.0,0.0,0.0,0.0,0.0,129.0,20.0,15.8 km solo,0.0,2.0,⛰️  Moy. montagne,0
2023-04-14,2023,giro-di-sicilia,stage,4.0,GW Shimano-Sidermec,0,2.1,,,0.0,,,,,,,0.0,0.0,0.0,0.0,0.0,4.0,216.01,213.0,1.43,0.801,0.0,0.0,143.0,0.485,71.9,0.0,0.337,0.0,0.337,0.0,0.0,4122.0,4058.0,1628.0,5.0,1.0,1.0,0.0,2.0,1.0,0.9231,0.9231,0.9231,0.9231,0.7255,3.4,2.07,0.5,62.0,0.23,596.0,1,0,0.0,14.0,0.623,0.0,0.623,0.0,0.623,0.0,0.0,129.0,14.0,25.4 km solo,0.0,3.0,🏔️  Haute montagne,0
2023-04-16,2023,giro-di-reggio-calabria,result,,GW Shimano-Sidermec,0,1.1,,,0.0,,,,,,,131.0,131.0,0.0,0.0,0.0,,162.78,155.0,4.15,0.0,0.0,0.0,84.3,3.1,61.2,10.4,3.91,0.0,3.95,0.0,0.0,2259.0,2262.0,966.0,2.0,0.0,0.0,1.0,0.0,1.0,0.7298,0.7298,0.7298,0.3226,0.3226,-0.7,-0.33,-0.34,50.0,1.74,1010.0,1,0,0.0,125.0,0.0,0.0,0.0,0.0,0.0,0.0,0.0,36.0,13.0,Sprint of 11 riders,0.0,2.0,⛰️  Moy. montagne,0
2023-04-25,2023,le-tour-de-bretagne,stage,1.0,GW Shimano-Sidermec,0,2.2,,,0.0,,,,,,,0.0,0.0,0.0,0.0,0.0,1.0,155.91,101.0,52.3,1.47,0.0,0.0,126.0,16.5,10.3,2.94,0.399,0.0,1.13,0.137,0.0,1136.0,1149.0,126.0,2.0,1.0,0.0,0.0,0.0,0.0,0.1524,0.0,0.0,0.0,0.0,2.2,1.43,0.02,47.0,0.08,365.0,1,0,0.0,7.0,1.533,0.0,1.073,0.0,0.523,0.0,0.0,33.0,13.0,Sprint of large group,2.5,1.0,🟢  Plat/Sprint,0
2023-04-26,2023,le-tour-de-bretagne,stage,2.0,GW Shimano-Sidermec,0,2.2,,,0.0,,,,,,,0.0,0.0,0.0,0.0,0.0,2.0,173.11,155.0,18.6,0.0,0.0,0.0,163.0,1.8,5.22,2.72,0.0,0.0,0.0,0.0,0.0,2127.0,2090.0,300.0,16.0,5.0,2.0,0.0,0.0,0.0,0.6532,0.5724,0.0,0.0,0.0,-0.2,1.1,0.7,75.0,0.34,635.0,1,0,0.0,7.0,0.0,0.0,0.0,0.0,0.0,0.0,0.0,33.0,13.0,Sprint of large group,26.2,2.0,⛰️  Moy. montagne,0
2023-04-27,2023,le-tour-de-bretagne,stage,3.0,GW Shimano-Sidermec,0,2.2,,,0.0,,,,,,,0.0,0.0,0.0,0.0,0.0,3.0,192.53,173.0,19.8,0.0,0.0,0.0,189.0,2.27,1.2,0.547,0.0,0.0,0.0,0.0,0.0,2514.0,2399.0,290.0,48.0,4.0,1.0,0.0,0.0,0.0,0.7089,0.5296,0.0,0.0,0.0,1.0,1.37,0.64,106.0,0.03,543.0,1,0,0.0,7.0,0.0,0.0,0.0,0.0,0.0,0.0,0.0,33.0,15.0,Sprint à deux,26.2,2.0,⛰️  Moy. montagne,0
2023-04-28,2023,le-tour-de-bretagne,stage,4.0,GW Shimano-Sidermec,0,2.2,,,0.0,,,,,,,0.0,0.0,0.0,0.0,0.0,4.0,182.42,170.0,12.4,0.0,0.0,0.0,175.0,1.75,6.07,0.0,0.0,0.0,0.0,0.0,0.0,2287.0,2304.0,251.0,21.0,17.0,0.0,0.0,0.0,0.0,0.9998,0.0,0.0,0.0,0.0,6.2,3.6,1.3,128.0,-0.25,536.0,1,0,0.0,7.0,0.0,0.0,0.0,0.0,0.0,0.0,0.0,33.0,18.0,0.3 km solo,26.2,2.0,⛰️  Moy. montagne,0
2023-04-29,2023,le-tour-de-bretagne,stage,5.0,GW Shimano-Sidermec,0,2.2,,,0.0,,,,,,,0.0,0.0,0.0,0.0,0.0,5.0,176.76,137.0,39.9,0.0,0.0,0.0,176.0,0.318,0.183,0.0,0.0,0.0,0.0,0.0,0.0,1308.0,1297.0,90.0,3.0,0.0,0.0,0.0,0.0,0.0,0.0,0.0,0.0,0.0,0.0,1.2,0.57,0.5,83.0,-0.0,398.0,1,0,0.0,7.0,0.0,0.0,0.0,0.0,0.0,0.0,0.0,33.0,16.0,Sprint of large group,2.0,1.0,🟢  Plat/Sprint,0
2023-04-30,2023,le-tour-de-bretagne,stage,6.0,GW Shimano-Sidermec,0,2.2,,,0.0,,,,,,,0.0,0.0,0.0,0.0,0.0,6.0,165.05,141.0,23.9,0.0,0.207,0.0,160.0,0.86,3.74,0.0,0.205,0.0,0.205,0.207,0.0,1436.0,1459.0,171.0,8.0,4.0,0.0,0.0,0.0,0.0,0.8609,0.0,0.0,0.0,0.0,3.0,0.97,-0.2,48.0,-0.02,400.0,1,0,0.0,0.0,0.0,0.0,0.0,0.0,0.0,0.0,,33.0,15.0,-,1.4,1.0,🟢  Plat/Sprint,0
2023-05-01,2023,le-tour-de-bretagne,stage,7.0,GW Shimano-Sidermec,0,2.2,,,0.0,,,,,,,0.0,0.0,0.0,0.0,0.0,7.0,166.72,126.0,39.8,0.0,0.0,0.489,144.0,7.38,7.6,7.04,0.0,0.0,0.0,0.548,0.0,1466.0,1479.0,125.0,34.0,2.0,0.0,0.0,0.0,0.0,0.556,0.0,0.0,0.0,0.0,1.0,-0.3,-0.12,33.0,0.06,454.0,1,0,0.0,7.0,0.0,0.0,0.0,0.0,0.0,0.0,0.0,33.0,16.0,Sprint of small group,1.4,1.0,🟢  Plat/Sprint,0
2023-06-02,2023,giro-dell-appennino,result,,GW Shimano-Sidermec,1,1.1,FIN,64.0,0.0,,,,,,,18.0,18.0,0.0,0.0,0.0,,198.44,193.0,3.22,0.0,0.246,0.0,97.3,1.39,70.6,27.8,1.5,0.324,2.74,0.0,0.0,2815.0,3010.0,740.0,3.0,0.0,1.0,3.0,1.0,0.0,0.8455,0.8455,0.8455,0.8455,0.0,1.5,0.3,0.32,35.0,0.27,444.0,0,0,0.0,125.0,0.0,0.0,0.0,0.0,0.0,0.0,0.0,120.0,22.0,Sprint à deux,26.2,2.0,⛰️  Moy. montagne,0
2023-06-16,2023,vuelta-pilsen-a-colombia,prologue,,GW Shimano-Sidermec,0,2.2,,,0.0,,,,,,,0.0,10.0,3.0,0.0,0.0,,7.84,3.97,3.8,0.0,0.0,0.0,6.7,1.08,0.0,0.0,0.0,0.0,0.0,0.0,0.0,30.0,33.0,358.0,325.0,0.0,0.0,0.0,0.0,0.0,0.0,0.0,0.0,0.0,0.0,0.7,0.83,0.46,30.0,-0.04,30.0,1,1,198.44,7.0,0.0,0.0,0.0,0.0,0.0,0.0,0.0,,,,,0.0,⏱️  CLM,0
2023-06-17,2023,vuelta-pilsen-a-colombia,stage,1.0,GW Shimano-Sidermec,0,2.2,,,0.0,,,,,,,0.0,10.0,3.0,0.0,0.0,1.0,197.27,194.0,3.12,0.0,0.0,0.0,41.4,1.4,155.0,0.0,0.215,0.0,0.297,0.0,0.0,1943.0,1926.0,744.0,246.0,3.0,1.0,1.0,0.0,0.0,0.9997,0.4517,0.4517,0.0,0.0,1.4,0.6,0.66,95.0,-0.11,290.0,1,1,198.44,7.0,0.0,0.0,0.0,0.0,0.0,0.0,0.0,30.0,,Sprint of large group,29.8,2.0,⛰️  Moy. montagne,0
2023-06-18,2023,vuelta-pilsen-a-colombia,stage,2.0,GW Shimano-Sidermec,0,2.2,,,0.0,,,,,,,7.0,10.0,3.0,0.0,0.0,2.0,158.87,155.0,4.42,0.0,0.0,0.0,0.0,0.307,159.0,0.0,0.0,0.0,0.161,0.0,0.0,2017.0,1943.0,2947.0,2475.0,2.0,3.0,1.0,0.0,0.0,0.8857,0.8857,0.4431,0.0,0.0,0.6,0.13,0.0,136.0,0.51,563.0,0,1,198.44,7.0,0.0,0.0,0.0,0.0,0.0,0.0,0.0,30.0,,Sprint of 36 riders,3.6,2.0,⛰️  Moy. montagne,0
2023-06-19,2023,vuelta-pilsen-a-colombia,stage,3.0,GW Shimano-Sidermec,0,2.2,,,0.0,,,,,,,0.0,10.0,3.0,0.0,0.0,3.0,107.88,105.0,0.0,0.0,0.0,0.0,105.0,0.0,0.0,0.247,2.19,0.0,1.99,0.0,0.0,1635.0,1639.0,1088.0,939.0,11.0,0.0,0.0,0.0,0.0,0.9994,0.0,0.0,0.0,0.0,3.4,3.23,1.86,271.0,0.04,768.0,0,1,198.44,7.0,0.0,0.0,0.0,0.0,0.0,0.0,0.0,30.0,,Sprint of large group,5.0,2.0,⛰️  Moy. montagne,0
2023-06-20,2023,vuelta-pilsen-a-colombia,stage,4.0,GW Shimano-Sidermec,0,2.2,,,0.0,,,,,,,0.0,10.0,3.0,0.0,0.0,4.0,119.67,115.0,0.114,0.0,0.0,0.0,3.47,0.953,108.0,3.42,4.08,0.0,5.28,0.653,0.0,3662.0,1511.0,3271.0,444.0,0.0,1.0,0.0,0.0,1.0,0.9905,0.9905,0.9905,0.9905,0.9905,-1.2,4.8,6.78,356.0,-0.52,451.0,0,1,198.44,7.0,0.0,0.0,0.0,0.0,0.0,0.0,0.0,30.0,,-,0.0,3.0,🏔️  Haute montagne,0
2023-06-21,2023,vuelta-pilsen-a-colombia,stage,5.0,GW Shimano-Sidermec,0,2.2,,,0.0,,,,,,,0.0,10.0,3.0,0.0,0.0,5.0,165.56,165.0,0.589,0.0,0.0,0.0,39.0,0.924,126.0,0.0,0.384,0.0,0.502,0.0,0.0,3457.0,3380.0,2179.0,736.0,2.0,1.0,0.0,1.0,1.0,0.9997,0.9997,0.9997,0.9997,0.5842,1.4,2.47,1.36,188.0,-1.35,669.0,0,1,198.44,7.0,0.0,0.0,0.0,0.0,0.0,0.0,0.0,30.0,,-,0.0,3.0,🏔️  Haute montagne,0
2023-06-22,2023,nc-norway-itt,result,,GW Shimano-Sidermec,0,NC,,,0.0,,,,,,,3.0,3.0,0.0,0.0,0.0,,,,,,,,,,,,,,,,,,,,,0.0,0.0,0.0,0.0,0.0,,,,,,,,,,,,0,1,198.44,,,,,,,,,19.0,17.0,Time trial,,,,0
2023-06-22,2023,vuelta-pilsen-a-colombia,stage,6.0,GW Shimano-Sidermec,0,2.2,,,0.0,,,,,,,0.0,10.0,3.0,0.0,0.0,6.0,164.02,157.0,0.32,0.0,0.693,0.0,0.944,0.424,157.0,0.0,6.1,0.0,6.1,0.0,0.0,2820.0,2116.0,1741.0,799.0,1.0,1.0,0.0,1.0,1.0,0.9997,0.9997,0.9997,0.9997,0.4454,9.1,7.3,7.08,304.0,0.03,471.0,0,1,198.44,7.0,0.0,0.0,0.0,0.0,0.0,0.0,0.0,30.0,,? km solo,0.0,3.0,🏔️  Haute montagne,0
2023-06-23,2023,vuelta-pilsen-a-colombia,stage,7.0,GW Shimano-Sidermec,0,2.2,,,0.0,,,,,,,0.0,10.0,3.0,0.0,0.0,7.0,198.18,197.0,0.321,0.0,0.0,0.0,3.05,0.603,192.0,1.75,0.256,0.0,0.477,0.235,0.0,4013.0,3150.0,2195.0,725.0,2.0,1.0,0.0,0.0,2.0,0.9995,0.9995,0.9995,0.9995,0.9995,5.1,6.37,6.44,460.0,-0.67,222.0,0,1,198.44,7.0,0.0,0.0,0.0,0.0,0.0,0.0,0.0,30.0,,-,0.0,3.0,🏔️  Haute montagne,0
2023-06-24,2023,nc-italy,result,,GW Shimano-Sidermec,0,NC,,,0.0,,,,,,,0.0,0.0,0.0,0.0,0.0,,171.16,164.0,7.15,0.0,0.0,0.0,169.0,0.691,0.255,0.969,0.0,0.0,0.0,0.0,0.0,2274.0,2272.0,247.0,14.0,1.0,9.0,0.0,0.0,0.0,0.9058,0.9058,0.0,0.0,0.0,0.1,-0.03,-0.08,9.0,0.09,159.0,0,1,198.44,100.0,0.0,0.0,0.0,0.0,0.0,0.0,0.0,235.0,,Sprint of small group,5.0,2.0,⛰️  Moy. montagne,0
2023-06-24,2023,vuelta-pilsen-a-colombia,stage,8.0,GW Shimano-Sidermec,0,2.2,,,0.0,,,,,,,0.0,10.0,3.0,0.0,0.0,8.0,177.5,174.0,0.0,0.0,1.11,0.0,3.32,0.0,172.0,0.0,2.69,0.0,2.23,0.0,0.0,4045.0,3141.0,2149.0,451.0,1.0,3.0,0.0,0.0,1.0,0.9997,0.9997,0.8211,0.8211,0.8211,5.7,5.67,0.48,191.0,-0.09,745.0,0,1,198.44,7.0,0.0,0.0,0.0,0.0,0.0,0.0,0.0,30.0,,Sprint of small group,0.0,3.0,🏔️  Haute montagne,0
2023-06-25,2023,nc-norway,result,,GW Shimano-Sidermec,0,NC,,,0.0,,,,,,,0.0,0.0,0.0,0.0,0.0,,189.31,175.0,11.2,0.255,0.0,0.0,135.0,22.1,0.625,23.8,0.0,0.688,0.843,5.29,0.0,2860.0,2860.0,137.0,0.0,10.0,0.0,0.0,0.0,0.0,0.9498,0.0,0.0,0.0,0.0,-0.9,-1.03,-1.18,11.0,0.05,795.0,0,1,198.44,100.0,0.0,0.0,0.0,0.0,0.0,0.0,0.0,74.0,,-,5.0,2.0,⛰️  Moy. montagne,0
2023-06-25,2023,vuelta-pilsen-a-colombia,stage,9.0,GW Shimano-Sidermec,0,2.2,,,0.0,,,,,,,0.0,10.0,3.0,0.0,0.0,9.0,41.95,31.0,11.0,0.0,0.0,0.2,2.69,0.29,38.4,0.863,0.0,0.0,0.0,0.0,0.0,487.0,484.0,2350.0,2095.0,0.0,1.0,0.0,0.0,0.0,0.1277,0.1277,0.0,0.0,0.0,0.1,0.57,0.34,77.0,0.01,487.0,0,1,198.44,7.0,0.0,0.0,0.0,0.0,0.0,0.0,0.0,30.0,,Time trial,0.0,1.0,🟢  Plat/Sprint,0
2023-09-13,2023,giro-di-toscana,result,,GW Shimano-Sidermec,0,1.1,,,0.0,,,,,,,0.0,0.0,0.0,0.0,0.0,,189.4,186.0,2.41,0.0,0.0,0.0,148.0,0.303,40.4,0.0,0.43,0.0,0.543,0.0,0.0,2032.0,2027.0,638.0,7.0,1.0,2.0,2.0,0.0,0.0,0.8447,0.8447,0.8447,0.0,0.0,-0.1,0.0,0.04,10.0,0.17,377.0,0,0,0.0,125.0,0.0,0.0,0.0,0.0,0.0,0.0,0.0,226.0,26.0,1.3 km solo,1.4,2.0,⛰️  Moy. montagne,0
2023-09-14,2023,gp-citta-di-peccioli,result,,GW Shimano-Sidermec,0,1.Pro,,,0.0,,,,,,,3.0,3.0,0.0,0.0,0.0,,198.45,168.0,29.0,0.708,0.0,0.0,148.0,5.05,44.5,0.0,1.09,0.0,1.09,0.0,0.0,2504.0,2446.0,209.0,34.0,19.0,1.0,0.0,0.0,0.0,0.9997,0.1305,0.0,0.0,0.0,5.4,2.4,1.6,101.0,-0.04,435.0,0,0,0.0,200.0,0.135,0.0,0.0,0.0,0.0,0.0,0.0,272.0,28.0,Sprint à deux,1.4,2.0,⛰️  Moy. montagne,0
2023-09-16,2023,memorial-marco-pantani,result,,GW Shimano-Sidermec,0,1.1,,,0.0,,,,,,,5.0,5.0,0.0,0.0,0.0,,192.88,167.0,23.6,0.12,0.0,0.0,159.0,19.9,11.5,0.184,2.02,0.0,2.13,0.0,0.0,2456.0,2528.0,421.0,-1.0,9.0,2.0,1.0,0.0,0.0,0.8348,0.4278,0.3104,0.0,0.0,0.0,0.03,0.0,5.0,0.57,882.0,0,0,0.0,125.0,0.0,0.0,0.0,0.0,0.0,0.0,0.0,263.0,24.0,Sprint of 3 riders,0.6,2.0,⛰️  Moy. montagne,0
2023-09-17,2023,trofeo-matteotti,result,,GW Shimano-Sidermec,0,1.1,,,0.0,,,,,,,3.0,3.0,0.0,0.0,0.0,,193.63,192.0,1.15,0.111,0.0,0.0,167.0,8.62,0.0,16.8,0.0,0.0,0.0,1.6,0.0,2508.0,2510.0,142.0,1.0,13.0,0.0,0.0,0.0,0.0,0.9507,0.0,0.0,0.0,0.0,0.2,-1.97,-2.38,276.0,0.17,675.0,0,0,0.0,125.0,0.0,0.0,0.0,0.0,0.0,0.0,0.0,229.0,,Sprint à deux,1.6,2.0,⛰️  Moy. montagne,0
2023-09-28,2023,coppa-agostoni,result,,GW Shimano-Sidermec,0,1.1,,,0.0,,,,,,,0.0,0.0,0.0,0.0,0.0,,198.33,161.0,36.5,0.65,0.0,0.0,191.0,3.12,0.267,2.94,0.0,0.0,0.0,0.267,0.0,3231.0,3248.0,539.0,187.0,4.0,5.0,4.0,0.0,0.0,0.8473,0.8473,0.7884,0.0,0.0,-0.7,-0.5,-0.48,2.0,0.03,555.0,0,0,0.0,125.0,0.255,0.0,0.213,0.0,0.0,0.0,0.0,311.0,24.0,11.3 km solo,2.2,2.0,⛰️  Moy. montagne,0
2023-09-30,2023,giro-dell-emilia,result,,GW Shimano-Sidermec,0,1.Pro,,,0.0,,,,,,,0.0,0.0,0.0,0.0,0.0,,205.37,189.0,11.4,4.57,0.0,0.0,164.0,3.12,32.8,4.87,0.184,0.0,0.704,0.0,0.0,3003.0,2760.0,802.0,20.0,1.0,5.0,1.0,1.0,0.0,0.9993,0.9993,0.6087,0.3383,0.0,7.9,6.0,1.8,201.0,0.12,94.0,0,0,0.0,200.0,4.51,0.0,2.387,0.0,0.902,0.0,0.0,815.0,25.0,Sprint of small group,2.2,2.0,⛰️  Moy. montagne,0
2023-10-02,2023,coppa-bernocchi,result,,GW Shimano-Sidermec,0,1.Pro,,,0.0,,,,,,,3.0,3.0,0.0,0.0,0.0,,185.4,173.0,11.8,0.764,0.0,0.0,161.0,9.76,13.7,0.689,0.0,0.263,0.0,0.0,0.0,2093.0,2079.0,392.0,174.0,0.0,7.0,0.0,0.0,0.0,0.8349,0.8349,0.0,0.0,0.0,-0.2,-0.4,-0.42,8.0,0.24,348.0,0,0,0.0,200.0,0.142,0.0,0.142,0.0,0.142,0.0,0.0,492.0,24.0,Sprint of small group,2.2,2.0,⛰️  Moy. montagne,0
2023-10-11,2023,giro-del-veneto,result,,GW Shimano-Sidermec,0,1.Pro,,,0.0,,,,,,,3.0,3.0,0.0,0.0,0.0,,169.97,166.0,1.75,0.0,0.186,0.0,156.0,0.642,2.84,7.61,2.25,0.0,2.25,0.186,0.0,1516.0,1459.0,250.0,11.0,7.0,1.0,0.0,0.0,0.0,0.9315,0.4687,0.0,0.0,0.0,6.1,2.2,1.34,70.0,-0.05,41.0,0,0,0.0,200.0,0.0,0.0,0.0,0.0,0.0,0.0,0.0,307.0,,Sprint of small group,0.0,1.0,🟢  Plat/Sprint,0
2023-10-15,2023,veneto-classic,result,,GW Shimano-Sidermec,0,1.Pro,,,0.0,,,,,,,3.0,3.0,0.0,0.0,0.0,,195.9,182.0,9.26,1.43,1.36,0.0,150.0,8.51,26.8,5.22,1.42,0.0,1.75,2.9,0.888,2502.0,2733.0,355.0,85.0,3.0,8.0,0.0,0.0,0.0,0.9753,0.8744,0.0,0.0,0.0,1.4,-0.67,-0.14,99.0,-0.17,432.0,0,0,0.0,200.0,0.827,0.0,0.332,0.0,0.085,0.0,0.0,296.0,,4.2 km solo,2.2,2.0,⛰️  Moy. montagne,0
2024-01-14,2024,vuelta-al-tachira,stage,1.0,GW Erco Shimano,0,2.2,,,0.0,,,,,,,0.0,21.0,10.0,0.0,0.0,1.0,152.63,118.0,6.17,0.0,0.0,0.0,117.0,7.9,0.0,0.0,30.7,0.0,30.7,0.0,0.0,1733.0,1773.0,859.0,782.0,0.0,0.0,0.0,0.0,0.0,0.0,0.0,0.0,0.0,0.0,1.3,0.67,0.3,155.0,-0.12,551.0,1,0,0.0,7.0,0.0,0.0,0.0,0.0,0.0,0.0,0.0,8.0,,Sprint of large group,,1.0,🟢  Plat/Sprint,0
2024-01-15,2024,vuelta-al-tachira,stage,2.0,GW Erco Shimano,0,2.2,,,0.0,,,,,,,1.0,21.0,10.0,0.0,0.0,2.0,142.14,1.54,2.69,0.0,0.0,0.0,0.484,2.88,1.06,0.0,139.0,0.0,139.0,0.0,0.0,1743.0,1565.0,780.0,188.0,2.0,0.0,1.0,0.0,0.0,0.9996,0.9996,0.9996,0.0,0.0,4.7,3.67,3.04,237.0,-0.78,538.0,1,0,0.0,7.0,0.0,0.0,0.0,0.0,0.0,0.0,0.0,8.0,,Sprint of small group,0.0,1.0,🟢  Plat/Sprint,0
2024-01-16,2024,vuelta-al-tachira,stage,3.0,GW Erco Shimano,0,2.2,,,0.0,,,,,,,0.0,21.0,10.0,0.0,0.0,3.0,126.34,3.69,3.25,0.0,0.0,0.0,0.156,3.28,3.53,0.0,120.0,0.0,119.0,0.0,0.0,703.0,1362.0,815.0,54.0,1.0,1.0,0.0,0.0,0.0,0.9859,0.5325,0.0,0.0,0.0,0.6,0.03,0.54,182.0,-1.04,343.0,1,0,0.0,7.0,0.0,0.0,0.0,0.0,0.0,0.0,0.0,8.0,,? km solo,0.5,1.0,🟢  Plat/Sprint,0
2024-01-17,2024,vuelta-al-tachira,stage,4.0,GW Erco Shimano,0,2.2,,,0.0,,,,,,,0.0,21.0,10.0,0.0,0.0,4.0,114.42,73.9,11.8,0.0,0.0,0.0,16.5,12.0,57.2,0.0,29.0,0.0,27.7,0.0,0.0,2627.0,1972.0,1604.0,414.0,2.0,4.0,0.0,0.0,1.0,0.9997,0.9997,0.9997,0.9997,0.9997,4.3,4.43,4.76,470.0,-0.98,675.0,1,0,0.0,7.0,0.0,0.0,0.0,0.0,0.0,0.0,0.0,8.0,,-,,3.0,🏔️  Haute montagne,0
2024-01-18,2024,vuelta-al-tachira,stage,5.0,GW Erco Shimano,0,2.2,,,0.0,,,,,,,0.0,21.0,10.0,0.0,0.0,5.0,134.15,12.7,4.13,0.0,0.0,0.0,0.203,4.24,12.5,0.0,118.0,0.0,118.0,0.0,0.0,2226.0,897.0,1492.0,53.0,1.0,1.0,0.0,0.0,1.0,0.9948,0.9948,0.9948,0.9948,0.9948,6.7,6.83,6.74,636.0,-0.08,212.0,1,0,0.0,7.0,0.0,0.0,0.0,0.0,0.0,0.0,0.0,8.0,,-,0.0,3.0,🏔️  Haute montagne,0
2024-01-19,2024,vuelta-al-tachira,stage,6.0,GW Erco Shimano,0,2.2,,,0.0,,,,,,,3.0,21.0,10.0,0.0,0.0,6.0,131.85,10.6,4.86,0.0,0.0,0.0,8.78,5.31,1.42,0.0,117.0,0.0,118.0,0.732,0.0,2153.0,943.0,1546.0,188.0,1.0,0.0,0.0,0.0,1.0,0.884,0.884,0.884,0.884,0.884,2.5,-1.37,0.5,30.0,-0.06,187.0,1,0,0.0,7.0,0.0,0.0,0.0,0.0,0.0,0.0,0.0,8.0,,-,0.3333333333333333,1.0,🟢  Plat/Sprint,0
2024-01-20,2024,vuelta-al-tachira,stage,7.0,GW Erco Shimano,0,2.2,,,0.0,,,,,,,0.0,21.0,10.0,0.0,0.0,7.0,141.7,108.0,4.37,0.0,0.0,0.0,2.09,2.47,87.2,21.1,28.9,0.0,28.6,0.276,0.0,1954.0,744.0,1519.0,290.0,0.0,1.0,0.0,0.0,1.0,0.9975,0.9975,0.9975,0.9975,0.9975,7.7,7.53,5.34,299.0,0.03,220.0,1,0,0.0,7.0,0.0,0.0,0.0,0.0,0.0,0.0,0.0,8.0,,-,0.0,3.0,🏔️  Haute montagne,0
2024-01-21,2024,vuelta-al-tachira,stage,8.0,GW Erco Shimano,0,2.2,,,0.0,,,,,,,7.0,21.0,10.0,0.0,0.0,8.0,118.61,105.0,12.6,0.0,0.0,0.0,98.7,20.3,0.0,0.0,0.301,0.0,1.8,0.0,0.0,1780.0,1789.0,1051.0,951.0,12.0,0.0,0.0,0.0,0.0,0.9887,0.0,0.0,0.0,0.0,-1.8,1.9,1.36,151.0,-0.02,751.0,1,0,0.0,7.0,0.0,0.0,0.0,0.0,0.0,0.0,0.0,8.0,,-,,2.0,⛰️  Moy. montagne,0
2024-01-25,2024,nc-colombia-itt,result,,GW Erco Shimano,0,NC,,,0.0,,,,,,,0.0,0.0,0.0,0.0,0.0,,,,,,,,,,,,,,,,,,,,,0.0,0.0,0.0,0.0,0.0,,,,,,,,,,,,0,0,0.0,,,,,,,,,,,Time trial,,,,0
2024-01-28,2024,nc-colombia,result,,GW Erco Shimano,1,NC,FIN,17.0,0.0,,,,,,,121.0,121.0,0.0,0.0,0.0,,,,,,,,,,,,,,,,,,,,,0.0,0.0,0.0,0.0,0.0,,,,,,,,,,,,1,0,0.0,,,,,,,,,,,0.6 km solo,,,,0
2024-02-06,2024,colombia-21,stage,1.0,GW Erco Shimano,0,2.1,,,0.0,,,,,,,0.0,29.0,12.0,0.0,0.0,1.0,155.71,88.3,67.5,0.0,0.0,0.0,22.9,0.0,133.0,0.0,0.0,0.0,0.0,0.0,0.0,960.0,972.0,2516.0,2472.0,0.0,0.0,0.0,0.0,0.0,0.0,0.0,0.0,0.0,0.0,0.3,0.07,0.22,91.0,-0.04,296.0,1,1,0.0,14.0,0.0,0.0,0.0,0.0,0.0,0.0,0.0,103.0,,Sprint of large group,1.0,1.0,🟢  Plat/Sprint,0
2024-02-07,2024,colombia-21,stage,2.0,GW Erco Shimano,0,2.1,,,0.0,,,,,,,0.0,29.0,12.0,0.0,0.0,2.0,168.27,164.0,4.33,0.0,0.0,0.0,0.0,2.59,166.0,0.0,0.0,0.0,0.0,0.0,0.0,2305.0,2051.0,2947.0,2487.0,0.0,4.0,1.0,0.0,0.0,0.9996,0.9996,0.2451,0.0,0.0,2.0,0.97,2.0,261.0,0.75,811.0,1,1,0.0,14.0,0.0,0.0,0.0,0.0,0.0,0.0,0.0,103.0,19.0,Sprint of small group,7.0,2.0,⛰️  Moy. montagne,0
2024-02-08,2024,colombia-21,stage,3.0,GW Erco Shimano,0,2.1,,,0.0,,,,,,,14.0,29.0,12.0,0.0,0.0,3.0,142.54,134.0,8.64,0.0,0.0,0.0,44.1,14.2,84.3,0.0,0.0,0.0,0.0,0.0,0.0,1694.0,1695.0,2749.0,2674.0,0.0,0.0,0.0,0.0,0.0,0.0,0.0,0.0,0.0,0.0,-0.3,-1.67,-0.48,79.0,0.01,614.0,1,1,0.0,14.0,0.0,0.0,0.0,0.0,0.0,0.0,0.0,103.0,19.0,Sprint à deux,0.8,1.0,🟢  Plat/Sprint,0
2024-02-09,2024,colombia-21,stage,4.0,GW Erco Shimano,0,2.1,,,0.0,,,,,,,0.0,29.0,12.0,0.0,0.0,4.0,181.58,180.0,1.78,0.0,0.0,0.0,9.81,1.21,170.0,0.57,0.0,0.0,0.0,0.0,0.0,2033.0,1953.0,2955.0,2497.0,1.0,3.0,1.0,0.0,0.0,0.6539,0.6539,0.2809,0.0,0.0,-1.2,-0.9,0.04,87.0,0.73,790.0,1,1,0.0,14.0,0.0,0.0,0.0,0.0,0.0,0.0,0.0,103.0,19.0,Sprint of large group,3.5,2.0,⛰️  Moy. montagne,0
2024-02-10,2024,colombia-21,stage,5.0,GW Erco Shimano,0,2.1,,,0.0,,,,,,,0.0,29.0,12.0,0.0,0.0,5.0,138.23,138.0,0.153,0.0,0.0,0.0,0.0,0.222,138.0,0.0,0.245,0.0,0.245,0.0,0.0,3409.0,3120.0,2842.0,686.0,2.0,2.0,0.0,0.0,1.0,0.9996,0.9996,0.9996,0.9996,0.9996,6.8,6.77,6.28,610.0,-1.93,378.0,1,1,0.0,14.0,0.0,0.0,0.0,0.0,0.0,0.0,0.0,103.0,24.0,? km solo,0.0,3.0,🏔️  Haute montagne,0
2024-02-11,2024,colombia-21,stage,6.0,GW Erco Shimano,0,2.1,,,0.0,,,,,,,3.0,29.0,12.0,0.0,0.0,6.0,138.89,137.0,1.92,0.0,0.0,0.0,36.9,0.0,102.0,0.0,0.0,0.0,0.0,0.0,0.0,1949.0,1921.0,3014.0,2547.0,1.0,3.0,1.0,0.0,0.0,0.8623,0.8623,0.8623,0.0,0.0,-0.1,0.33,0.14,22.0,0.16,530.0,1,1,0.0,14.0,0.0,0.0,0.0,0.0,0.0,0.0,0.0,103.0,19.0,Sprint of small group,2.3333333333333335,2.0,⛰️  Moy. montagne,0
2024-03-19,2024,settimana-internazionale-coppi-e-bartali,stage,1.0,GW Erco Shimano,0,2.1,,,0.0,,,,,,,0.0,-15.0,0.0,0.0,0.0,1.0,109.78,109.0,0.281,0.0,0.0,0.0,75.8,0.532,32.1,0.98,0.0,0.0,0.0,0.0,0.0,1559.0,1572.0,541.0,2.0,3.0,1.0,1.0,0.0,0.0,0.9433,0.7954,0.31,0.0,0.0,0.1,-2.1,-3.12,24.0,0.2,726.0,1,0,0.0,14.0,0.0,0.0,0.0,0.0,0.0,0.0,0.0,113.0,14.0,3.8 km solo,2.5,2.0,⛰️  Moy. montagne,0
2024-03-20,2024,settimana-internazionale-coppi-e-bartali,stage,2.0,GW Erco Shimano,0,2.1,,,0.0,,,,,,,-15.0,-15.0,0.0,0.0,0.0,2.0,157.06,154.0,2.87,0.12,0.0,0.0,147.0,0.0,9.82,0.0,0.0,0.0,0.0,0.0,0.0,3009.0,2714.0,421.0,22.0,1.0,6.0,1.0,0.0,0.0,0.9998,0.9998,0.3123,0.0,0.0,6.0,6.53,4.94,250.0,0.57,882.0,1,0,0.0,14.0,0.0,0.0,0.0,0.0,0.0,0.0,0.0,113.0,15.0,0.05 km solo,0.0,3.0,🏔️  Haute montagne,0
2024-03-21,2024,settimana-internazionale-coppi-e-bartali,stage,3.0,GW Erco Shimano,0,2.1,,,0.0,,,,,,,0.0,-15.0,0.0,0.0,0.0,3.0,133.44,133.0,0.0,0.0,0.0,0.0,125.0,0.136,7.89,0.0,0.321,0.0,0.348,0.0,0.0,2650.0,2720.0,982.0,2.0,2.0,2.0,2.0,0.0,1.0,0.9054,0.7883,0.6853,0.2844,0.2844,0.1,-0.33,-0.34,12.0,1.18,1112.0,1,0,0.0,14.0,0.0,0.0,0.0,0.0,0.0,0.0,0.0,113.0,15.0,Sprint à deux,2.0,2.0,⛰️  Moy. montagne,0
2024-03-22,2024,settimana-internazionale-coppi-e-bartali,stage,4.0,GW Erco Shimano,0,2.1,,,0.0,,,,,,,0.0,-15.0,0.0,0.0,0.0,4.0,150.55,147.0,0.228,1.93,0.0,0.0,128.0,3.26,17.6,0.0,0.0,0.0,0.0,0.0,0.0,2215.0,2255.0,286.0,41.0,3.0,4.0,0.0,0.0,0.0,0.9539,0.8745,0.0,0.0,0.0,3.0,1.1,-0.76,79.0,-0.2,679.0,1,0,0.0,14.0,1.024,0.0,0.293,0.0,0.147,0.0,0.0,113.0,18.0,5.6 km solo,0.6,2.0,⛰️  Moy. montagne,0
2024-03-23,2024,settimana-internazionale-coppi-e-bartali,stage,5.0,GW Erco Shimano,0,2.1,,,0.0,,,,,,,0.0,-15.0,0.0,0.0,0.0,5.0,157.66,121.0,28.1,0.0,7.11,0.0,140.0,8.06,5.1,2.67,2.11,0.0,2.22,0.0,0.423,2898.0,2901.0,361.0,23.0,0.0,10.0,1.0,0.0,0.0,0.9142,0.9142,0.0681,0.0,0.0,0.1,0.0,-0.06,4.0,0.04,898.0,0,0,0.0,14.0,0.0,0.0,0.0,0.0,0.0,0.0,0.0,113.0,20.0,Sprint of small group,0.6,2.0,⛰️  Moy. montagne,0
2024-03-24,2024,gp-adria-mobil,result,,GW Erco Shimano,0,1.2,,,0.0,,,,,,,0.0,0.0,0.0,0.0,0.0,,179.44,166.0,11.0,2.2,0.124,0.0,165.0,5.87,0.0,6.77,0.0,0.0,0.137,1.78,0.0,2106.0,2117.0,533.0,135.0,0.0,0.0,2.0,0.0,0.0,0.4124,0.4124,0.4124,0.0,0.0,-1.0,-0.47,-0.9,77.0,-0.05,694.0,1,0,0.0,40.0,0.649,0.0,0.409,0.0,0.169,0.0,0.0,28.0,12.0,Sprint of large group,0.6,2.0,⛰️  Moy. montagne,0
2024-04-04,2024,circuit-des-ardennes,stage,1.0,GW Erco Shimano,0,2.2,,,0.0,,,,,,,0.0,0.0,0.0,0.0,0.0,1.0,165.22,161.0,2.97,0.0,1.55,0.0,156.0,0.576,7.61,0.0,0.0,0.0,0.0,1.55,0.0,1267.0,1332.0,165.0,61.0,1.0,0.0,0.0,0.0,0.0,0.5967,0.0,0.0,0.0,0.0,0.0,-0.17,-0.16,38.0,-0.03,305.0,1,0,0.0,7.0,0.0,0.0,0.0,0.0,0.0,0.0,0.0,34.0,14.0,5.5 km solo,3.6,1.0,🟢  Plat/Sprint,0
2024-04-05,2024,circuit-des-ardennes,stage,2.0,GW Erco Shimano,0,2.2,,,0.0,,,,,,,0.0,0.0,0.0,0.0,0.0,2.0,167.81,152.0,15.6,0.0,0.0,0.0,135.0,3.81,26.6,0.0,0.0,0.0,0.0,2.74,0.0,2002.0,1995.0,358.0,151.0,9.0,0.0,0.0,0.0,0.0,0.9998,0.0,0.0,0.0,0.0,7.6,3.8,1.88,135.0,0.0,522.0,1,0,0.0,7.0,0.0,0.0,0.0,0.0,0.0,0.0,0.0,34.0,15.0,-,0.0,2.0,⛰️  Moy. montagne,0
2024-04-06,2024,circuit-des-ardennes,stage,3.0,GW Erco Shimano,0,2.2,,,0.0,,,,,,,0.0,0.0,0.0,0.0,0.0,3.0,145.84,114.0,31.2,0.0,0.0,0.0,134.0,5.49,6.36,0.0,0.71,0.0,0.71,0.0,0.0,2550.0,2432.0,481.0,135.0,5.0,5.0,1.0,0.0,0.0,0.9997,0.8548,0.5577,0.0,0.0,8.4,4.23,2.56,154.0,0.02,600.0,0,0,0.0,7.0,0.0,0.0,0.0,0.0,0.0,0.0,0.0,34.0,20.0,-,0.0,2.0,⛰️  Moy. montagne,0
2024-04-07,2024,circuit-des-ardennes,stage,4.0,GW Erco Shimano,0,2.2,,,0.0,,,,,,,0.0,0.0,0.0,0.0,0.0,4.0,163.82,150.0,14.2,0.0,0.0,0.0,138.0,11.7,11.1,2.91,0.0,0.0,0.0,0.0,0.0,2303.0,2314.0,333.0,145.0,8.0,2.0,0.0,0.0,0.0,0.9829,0.6333,0.0,0.0,0.0,-0.8,-2.23,-0.74,73.0,-0.03,632.0,0,0,0.0,7.0,0.0,0.0,0.0,0.0,0.0,0.0,0.0,34.0,18.0,-,0.0,2.0,⛰️  Moy. montagne,0
2024-05-01,2024,vuelta-bantrab,stage,1.0,GW Erco Shimano,1,2.2,FIN,47.0,0.0,9.0,3.0,,,,,3.0,23.0,18.0,0.0,0.0,1.0,97.29,0.0,0.0,0.0,0.0,0.0,0.0,0.0,0.0,0.0,0.0,0.0,0.0,0.0,0.0,575.0,576.0,1506.0,1471.0,0.0,0.0,0.0,0.0,0.0,0.0,0.0,0.0,0.0,0.0,1.0,0.37,-0.04,87.0,0.0,292.0,0,0,0.0,7.0,0.0,0.0,0.0,0.0,0.0,0.0,0.0,18.0,21.0,Sprint of large group,3.4,1.0,🟢  Plat/Sprint,0
2024-05-02,2024,vuelta-bantrab,stage,2.0,GW Erco Shimano,1,2.2,FIN,19.0,0.0,9.0,3.0,,,,,0.0,23.0,18.0,0.0,0.0,2.0,173.4,160.0,13.7,0.0,0.0,0.0,2.88,0.931,170.0,0.0,0.0,0.0,0.0,0.0,0.0,3418.0,2984.0,3015.0,1717.0,1.0,2.0,1.0,0.0,1.0,0.9998,0.9998,0.7964,0.7964,0.7964,0.9,3.3,2.02,181.0,0.23,810.0,0,1,97.29,7.0,0.0,0.0,0.0,0.0,0.0,0.0,0.0,18.0,21.0,-,-3.0,3.0,🏔️  Haute montagne,0
2024-05-03,2024,vuelta-bantrab,stage,3.0,GW Erco Shimano,1,2.2,FIN,13.0,0.0,9.0,3.0,,,,,0.0,23.0,18.0,0.0,0.0,3.0,101.89,57.9,36.7,0.0,7.51,0.0,13.1,3.75,85.2,0.0,0.0,0.0,0.0,0.0,0.0,1883.0,1981.0,2996.0,2269.0,2.0,2.0,0.0,1.0,0.0,0.9918,0.7543,0.7543,0.7543,0.0,-0.7,0.4,1.04,120.0,-0.22,849.0,0,2,270.69,7.0,0.0,0.0,0.0,0.0,0.0,0.0,0.0,18.0,16.0,-,0.0,2.0,⛰️  Moy. montagne,0
2024-05-04,2024,vuelta-bantrab,stage,4.0,GW Erco Shimano,1,2.2,FIN,7.0,0.0,9.0,3.0,,,,,0.0,23.0,18.0,0.0,0.0,4.0,105.28,95.6,8.56,0.0,0.0,0.0,39.7,0.173,64.2,0.0,1.34,0.0,1.03,0.0,0.0,1997.0,1159.0,1041.0,30.0,0.0,1.0,1.0,0.0,1.0,0.9996,0.9996,0.9996,0.9996,0.9996,8.4,4.77,5.14,423.0,0.14,450.0,0,3,372.58,7.0,0.0,0.0,0.0,0.0,0.0,0.0,0.0,18.0,30.0,-,-3.0,3.0,🏔️  Haute montagne,0
2024-05-05,2024,vuelta-bantrab,stage,5.0,GW Erco Shimano,1,2.2,FIN,12.0,0.0,9.0,3.0,,,,,2.0,23.0,18.0,0.0,0.0,5.0,122.76,118.0,4.47,0.0,0.0,0.0,0.989,0.0,122.0,0.0,0.305,0.0,0.0,0.0,0.0,3138.0,829.0,2337.0,23.0,0.0,0.0,1.0,0.0,1.0,0.9477,0.9477,0.9477,0.9477,0.9477,1.7,0.37,0.08,140.0,0.87,803.0,0,4,477.86,7.0,0.0,0.0,0.0,0.0,0.0,0.0,0.0,18.0,30.0,-,0.0,2.0,⛰️  Moy. montagne,0
2024-06-14,2024,vuelta-pilsen-a-colombia,prologue,,GW Erco Shimano,1,2.2,FIN,38.0,0.0,26.0,0.0,,,,,0.0,33.0,6.0,0.0,0.0,,7.7,6.86,0.0,0.0,0.0,0.0,2.03,0.0,4.87,0.0,0.595,0.0,0.0,0.0,0.0,434.0,105.0,1663.0,1316.0,0.0,0.0,1.0,0.0,0.0,0.9956,0.9956,0.9956,0.0,0.0,9.3,9.07,5.83,371.0,4.28,434.0,1,0,0.0,7.0,0.0,0.0,0.0,0.0,0.0,0.0,0.0,,,,,0.0,⏱️  CLM,0
2024-06-15,2024,vuelta-pilsen-a-colombia,stage,1.0,GW Erco Shimano,1,2.2,FIN,40.0,0.0,26.0,0.0,,,,,7.0,33.0,6.0,0.0,0.0,1.0,150.03,144.0,6.61,0.0,0.0,0.0,8.74,0.663,141.0,0.0,0.0,0.0,0.0,0.0,0.0,3163.0,2058.0,2943.0,1538.0,2.0,3.0,0.0,0.0,1.0,0.9997,0.9997,0.7892,0.7892,0.7892,2.7,1.87,1.04,248.0,1.69,1601.0,1,1,7.7,7.0,0.0,0.0,0.0,0.0,0.0,0.0,0.0,17.0,14.0,Sprint of large group,-3.0,3.0,🏔️  Haute montagne,0
2024-06-16,2024,vuelta-pilsen-a-colombia,stage,2.0,GW Erco Shimano,1,2.2,FIN,29.0,0.0,26.0,0.0,,,,,10.0,33.0,6.0,0.0,0.0,2.0,140.15,140.0,0.203,0.0,0.0,0.0,1.08,0.203,139.0,0.0,0.0,0.0,0.0,0.0,0.0,1914.0,1851.0,2947.0,2497.0,1.0,3.0,1.0,0.0,0.0,0.8617,0.8617,0.3377,0.0,0.0,-0.1,0.2,0.02,87.0,0.82,816.0,1,2,157.73,7.0,0.0,0.0,0.0,0.0,0.0,0.0,0.0,17.0,10.0,Sprint of large group,0.4,2.0,⛰️  Moy. montagne,0
2024-06-17,2024,vuelta-pilsen-a-colombia,stage,3.0,GW Erco Shimano,1,2.2,FIN,34.0,0.0,26.0,0.0,,,,,-5.0,33.0,6.0,0.0,0.0,3.0,169.51,169.0,0.829,0.0,0.0,0.0,1.28,0.883,167.0,0.0,0.0,0.0,0.0,0.0,0.0,2653.0,4726.0,2840.0,196.0,1.0,3.0,0.0,0.0,1.0,0.9996,0.9996,0.5611,0.5611,0.5611,1.3,1.73,1.7,332.0,-1.78,378.0,1,3,297.88,7.0,0.0,0.0,0.0,0.0,0.0,0.0,0.0,17.0,14.0,Sprint à deux,2.4,2.0,⛰️  Moy. montagne,0
2024-06-18,2024,vuelta-pilsen-a-colombia,stage,4.0,GW Erco Shimano,1,2.2,FIN,32.0,0.0,26.0,0.0,,,,,0.0,33.0,6.0,0.0,0.0,4.0,116.07,84.7,30.1,0.0,0.101,0.0,0.0,0.458,114.0,0.0,1.84,0.0,1.84,0.0,0.0,4446.0,804.0,4119.0,266.0,2.0,0.0,0.0,0.0,1.0,0.9996,0.9996,0.9996,0.9996,0.9996,7.9,3.97,3.52,548.0,1.44,1120.0,1,4,467.39,7.0,0.0,0.0,0.0,0.0,0.0,0.0,0.0,17.0,25.0,Sprint of 4 riders,-1.6,3.0,🏔️  Haute montagne,0
2024-06-19,2024,vuelta-pilsen-a-colombia,stage,5.0,GW Erco Shimano,1,2.2,FIN,55.0,0.0,26.0,0.0,,,,,7.0,33.0,6.0,0.0,0.0,5.0,194.43,195.0,0.0,0.0,0.0,0.0,1.29,0.321,193.0,0.0,0.0,0.0,0.0,0.0,0.0,1510.0,2658.0,2112.0,910.0,1.0,0.0,1.0,0.0,0.0,0.9159,0.3262,0.3262,0.0,0.0,0.7,0.3,0.18,63.0,-1.47,833.0,1,5,583.46,7.0,0.0,0.0,0.0,0.0,0.0,0.0,0.0,17.0,13.0,Sprint of large group,1.4,2.0,⛰️  Moy. montagne,0
2024-06-20,2024,vuelta-pilsen-a-colombia,stage,6.0,GW Erco Shimano,1,2.2,FIN,14.0,0.0,26.0,0.0,,,,,1.0,33.0,6.0,0.0,0.0,6.0,173.41,173.0,0.477,0.0,0.0,0.0,0.0,0.163,173.0,0.0,0.246,0.0,0.246,0.0,0.0,1771.0,1113.0,1612.0,897.0,0.0,1.0,0.0,1.0,0.0,0.9997,0.9997,0.9997,0.9997,0.0,9.2,7.51,7.08,263.0,-0.01,217.0,1,6,777.8900000000001,7.0,0.0,0.0,0.0,0.0,0.0,0.0,0.0,17.0,24.0,1 km solo,-1.6,3.0,🏔️  Haute montagne,0
2024-06-21,2024,vuelta-pilsen-a-colombia,stage,7.0,GW Erco Shimano,1,2.2,FIN,22.0,0.0,26.0,0.0,,,,,7.0,33.0,6.0,0.0,0.0,7.0,156.33,155.0,0.16,0.0,0.0,0.0,1.43,0.89,152.0,2.01,0.0,0.0,0.409,0.0,0.0,2368.0,1922.0,2176.0,897.0,0.0,2.0,0.0,0.0,1.0,0.8486,0.8486,0.7268,0.7268,0.7268,2.2,-0.03,-2.16,78.0,-0.82,173.0,1,7,951.3,7.0,0.0,0.0,0.0,0.0,0.0,0.0,0.0,17.0,21.0,Sprint of small group,2.8,2.0,⛰️  Moy. montagne,0
2024-06-22,2024,vuelta-pilsen-a-colombia,stage,8.0,GW Erco Shimano,1,2.2,FIN,30.0,0.0,26.0,0.0,,,,,0.0,33.0,6.0,0.0,0.0,8.0,144.34,141.0,3.03,0.0,0.0,0.0,3.34,0.0,141.0,0.0,0.324,0.0,0.324,0.0,0.0,3411.0,2117.0,2448.0,574.0,3.0,0.0,0.0,0.0,1.0,0.9998,0.9998,0.9998,0.9998,0.9998,7.3,7.43,5.88,249.0,-1.05,549.0,1,8,1107.63,7.0,0.0,0.0,0.0,0.0,0.0,0.0,0.0,17.0,22.0,Sprint à deux,1.6,3.0,🏔️  Haute montagne,0
2024-06-23,2024,vuelta-pilsen-a-colombia,stage,9.0,GW Erco Shimano,1,2.2,FIN,16.0,0.0,26.0,0.0,,,,,0.0,33.0,6.0,0.0,0.0,9.0,17.43,17.4,0.0,0.0,0.0,0.0,0.533,0.109,16.7,0.0,0.0,0.0,0.0,0.0,0.0,1042.0,1.0,2510.0,1468.0,0.0,0.0,0.0,0.0,1.0,0.9983,0.9983,0.9983,0.9983,0.9983,6.9,7.33,7.5,540.0,5.97,1042.0,1,9,1251.97,7.0,0.0,0.0,0.0,0.0,0.0,0.0,0.0,17.0,21.0,Time trial,1.6,3.0,🏔️  Haute montagne,0
2024-10-25,2024,vuelta-a-guatemala,stage,1.0,GW Erco Shimano,0,2.2,,,0.0,,,,,,,0.0,57.0,40.0,0.0,0.0,1.0,158.12,157.0,1.09,0.0,0.0,0.0,0.884,1.09,156.0,0.0,0.0,0.0,0.0,0.0,0.0,2464.0,2886.0,1914.0,736.0,1.0,2.0,1.0,1.0,0.0,0.9995,0.9995,0.9995,0.9995,0.0,6.3,2.33,1.12,224.0,-1.73,530.0,1,0,0.0,7.0,0.0,0.0,0.0,0.0,0.0,0.0,0.0,12.0,20.0,-,4.2,2.0,⛰️  Moy. montagne,0
2024-10-26,2024,vuelta-a-guatemala,stage,2.0,GW Erco Shimano,0,2.2,,,0.0,,,,,,,5.0,57.0,40.0,0.0,0.0,2.0,107.78,103.0,1.79,0.0,3.13,0.0,6.35,0.0,102.0,0.0,0.0,0.0,0.0,0.0,0.0,2615.0,1942.0,1898.0,738.0,2.0,0.0,2.0,0.0,1.0,0.9996,0.8988,0.8988,0.8988,0.8988,2.1,-2.5,-4.98,131.0,-0.04,811.0,1,0,0.0,7.0,0.0,0.0,0.0,0.0,0.0,0.0,0.0,12.0,24.0,-,3.8,2.0,⛰️  Moy. montagne,0
2024-10-27,2024,vuelta-a-guatemala,stage,3.0,GW Erco Shimano,0,2.2,,,0.0,,,,,,,-2.0,57.0,40.0,0.0,0.0,3.0,115.32,93.9,11.4,0.396,9.18,0.0,45.5,0.327,69.1,0.0,0.532,0.0,0.267,0.0,0.0,1659.0,1748.0,1535.0,129.0,1.0,0.0,0.0,0.0,1.0,0.9996,0.9996,0.9996,0.9996,0.9996,6.1,5.13,5.02,304.0,-2.51,222.0,1,0,0.0,7.0,0.0,0.0,0.0,0.0,0.0,0.0,0.0,12.0,22.0,Sprint à deux,1.6,3.0,🏔️  Haute montagne,0
2024-10-28,2024,vuelta-a-guatemala,stage,4.0,GW Erco Shimano,0,2.2,,,0.0,,,,,,,0.0,57.0,40.0,0.0,0.0,4.0,112.78,108.0,5.01,0.0,0.0,0.0,6.09,0.0,107.0,0.0,0.0,0.0,0.0,0.0,0.0,1409.0,1258.0,728.0,114.0,1.0,1.0,1.0,0.0,0.0,0.8913,0.8913,0.8913,0.0,0.0,3.2,-1.07,-2.38,110.0,0.11,521.0,1,0,0.0,7.0,0.0,0.0,0.0,0.0,0.0,0.0,0.0,12.0,30.0,-,4.0,1.0,🟢  Plat/Sprint,0
2024-10-29,2024,vuelta-a-guatemala,stage,5.0,GW Erco Shimano,0,2.2,,,0.0,,,,,,,3.0,57.0,40.0,0.0,0.0,5.0,156.52,146.0,10.5,0.0,0.0,0.0,31.9,0.0,125.0,0.0,0.305,0.0,0.305,0.0,0.0,3512.0,895.0,2623.0,3.0,0.0,0.0,1.0,0.0,1.0,0.9996,0.9996,0.9996,0.9996,0.9996,8.1,8.07,5.52,331.0,0.78,454.0,1,0,0.0,7.0,0.0,0.0,0.0,0.0,0.0,0.0,0.0,12.0,31.0,-,-0.2,3.0,🏔️  Haute montagne,0
2024-10-30,2024,vuelta-a-guatemala,stage,6.0,GW Erco Shimano,0,2.2,,,0.0,,,,,,,0.0,57.0,40.0,0.0,0.0,6.0,114.75,105.0,9.74,0.0,0.0,0.0,19.1,0.401,95.4,0.0,0.0,0.0,0.0,0.0,0.0,1856.0,2015.0,3020.0,2274.0,1.0,0.0,0.0,1.0,0.0,0.928,0.7033,0.7033,0.7033,0.0,4.7,1.17,0.74,131.0,-0.28,520.0,1,0,0.0,7.0,0.0,0.0,0.0,0.0,0.0,0.0,0.0,12.0,17.0,-,2.8,2.0,⛰️  Moy. montagne,0
2024-10-31,2024,vuelta-a-guatemala,stage,7.0,GW Erco Shimano,0,2.2,,,0.0,,,,,,,1.0,57.0,40.0,0.0,0.0,7.0,132.05,115.0,12.6,0.0,4.35,0.0,24.1,0.0,108.0,0.0,0.0,0.0,0.0,0.0,0.0,2786.0,2593.0,2674.0,1571.0,1.0,1.0,1.0,0.0,1.0,0.8051,0.6945,0.5448,0.5448,0.5448,1.3,0.4,-0.08,140.0,2.0,1783.0,1,0,0.0,7.0,0.0,0.0,0.0,0.0,0.0,0.0,0.0,12.0,21.0,-,0.4,3.0,🏔️  Haute montagne,0
2024-11-01,2024,vuelta-a-guatemala,stage,8.0,GW Erco Shimano,0,2.2,,,0.0,,,,,,,0.0,57.0,40.0,0.0,0.0,8.0,121.75,107.0,7.05,0.0,0.0,0.0,11.9,0.0,102.0,0.0,8.69,0.0,9.21,0.179,0.344,908.0,910.0,1558.0,1486.0,0.0,0.0,0.0,0.0,0.0,0.0,0.0,0.0,0.0,0.0,1.2,1.17,1.2,125.0,-0.05,358.0,1,0,0.0,7.0,0.0,0.0,0.0,0.0,0.0,0.0,0.0,12.0,22.0,-,3.4,1.0,🟢  Plat/Sprint,0
2024-11-02,2024,vuelta-a-guatemala,stage,9.0,GW Erco Shimano,0,2.2,,,0.0,,,,,,,3.0,57.0,40.0,0.0,0.0,9.0,14.99,14.8,0.0,0.0,0.0,0.0,12.4,0.0,2.44,0.0,0.0,0.0,0.0,0.0,0.0,508.0,44.0,1682.0,1196.0,0.0,0.0,1.0,0.0,0.0,0.9768,0.9768,0.9768,0.0,0.0,2.2,3.8,2.66,143.0,3.1,508.0,1,0,0.0,7.0,0.0,0.0,0.0,0.0,0.0,0.0,0.0,12.0,23.0,Time trial,3.4,1.0,🟢  Plat/Sprint,0
2024-11-03,2024,vuelta-a-guatemala,stage,10.0,GW Erco Shimano,0,2.2,,,0.0,,,,,,,7.0,57.0,40.0,0.0,0.0,10.0,129.31,119.0,9.5,0.749,0.0,0.0,16.8,0.518,112.0,0.0,0.0,0.0,0.0,0.0,0.0,1648.0,2193.0,2311.0,1508.0,1.0,0.0,1.0,0.0,0.0,0.6265,0.2998,0.2998,0.0,0.0,0.6,0.47,0.36,80.0,0.35,726.0,1,0,0.0,7.0,0.737,0.0,0.737,0.0,0.737,0.0,0.0,12.0,19.0,-,3.8,2.0,⛰️  Moy. montagne,0
2025-02-09,2025,nc-colombia,result,,GW Erco Shimano,0,NC,,,0.0,,,,,,,20.0,20.0,0.0,0.0,0.0,,,,,,,,,,,,,,,,,,,,,0.0,0.0,0.0,0.0,0.0,,,,,,,,,,,,1,0,0.0,,,,,,,,,36.0,24.0,8.6 km solo,,,,0
2025-04-23,2025,tour-of-the-gila,stage,1.0,GW Erco Shimano,0,2.2,,,0.0,,,,,,,0.0,17.0,3.0,0.0,0.0,1.0,25.98,0.0,25.8,0.0,0.0,0.0,0.0,0.0,25.8,0.0,0.0,0.0,0.0,0.0,0.0,381.0,378.0,1922.0,1734.0,1.0,1.0,0.0,0.0,0.0,0.7738,0.7738,0.0,0.0,0.0,-1.3,-2.27,-2.44,255.0,0.01,381.0,1,0,0.0,7.0,0.0,0.0,0.0,0.0,0.0,0.0,0.0,4.0,,Time trial,1.2,1.0,🟢  Plat/Sprint,0
2025-04-24,2025,tour-of-the-gila,stage,2.0,GW Erco Shimano,0,2.2,,,0.0,,,,,,,1.0,17.0,3.0,0.0,0.0,2.0,147.83,137.0,11.0,0.0,0.0,0.0,31.3,0.0,117.0,0.0,0.0,0.0,0.0,0.0,0.0,1604.0,1390.0,2077.0,1357.0,0.0,1.0,0.0,1.0,0.0,0.9996,0.9996,0.9996,0.9996,0.0,8.6,8.27,7.7,334.0,-0.89,221.0,1,0,0.0,7.0,0.0,0.0,0.0,0.0,0.0,0.0,0.0,4.0,,-,0.4,3.0,🏔️  Haute montagne,1
2025-04-25,2025,tour-of-the-gila,stage,3.0,GW Erco Shimano,0,2.2,,,0.0,,,,,,,3.0,17.0,3.0,0.0,0.0,3.0,122.3,122.0,0.692,0.0,0.0,0.0,110.0,0.0,11.9,0.0,0.0,0.0,0.0,0.0,0.0,1653.0,1655.0,2277.0,1759.0,3.0,2.0,1.0,0.0,0.0,0.9997,0.8702,0.2486,0.0,0.0,2.3,1.73,1.62,86.0,-0.15,854.0,1,0,0.0,7.0,0.0,0.0,0.0,0.0,0.0,0.0,0.0,4.0,,-,3.8,2.0,⛰️  Moy. montagne,0
2025-04-26,2025,tour-of-the-gila,stage,4.0,GW Erco Shimano,0,2.2,,,0.0,,,,,,,3.0,17.0,3.0,0.0,0.0,4.0,70.7,56.0,14.7,0.0,0.0,0.0,56.0,14.7,0.0,0.0,0.0,0.0,0.0,0.0,0.0,880.0,880.0,1807.0,1791.0,0.0,0.0,0.0,0.0,0.0,0.0,0.0,0.0,0.0,0.0,-0.8,-0.2,-0.06,572.0,0.02,624.0,1,0,0.0,7.0,0.0,0.0,0.0,0.0,0.0,0.0,0.0,4.0,,-,1.2,1.0,🟢  Plat/Sprint,0
2025-04-27,2025,tour-of-the-gila,stage,5.0,GW Erco Shimano,0,2.2,,,0.0,,,,,,,7.0,17.0,3.0,0.0,0.0,5.0,109.66,109.0,1.08,0.0,0.0,0.0,97.0,1.08,11.6,0.0,0.0,0.0,0.0,0.0,0.0,1623.0,1301.0,2279.0,1761.0,1.0,2.0,1.0,0.0,0.0,0.9996,0.8067,0.8067,0.0,0.0,4.3,3.1,1.8,156.0,0.15,652.0,1,0,0.0,7.0,0.0,0.0,0.0,0.0,0.0,0.0,0.0,4.0,,-,3.0,2.0,⛰️  Moy. montagne,0
2025-08-01,2025,vuelta-pilsen-a-colombia,stage,1.0,GW Erco Shimano,0,2.2,,,0.0,,,,,,,3.0,19.0,6.0,0.0,0.0,1.0,206.42,203.0,3.38,0.0,0.0,0.0,5.72,0.0,201.0,0.0,0.0,0.0,0.0,0.0,0.0,1783.0,1790.0,579.0,237.0,2.0,0.0,1.0,0.0,0.0,0.9731,0.5254,0.5254,0.0,0.0,0.6,0.03,0.22,273.0,-0.13,299.0,1,0,0.0,7.0,0.0,0.0,0.0,0.0,0.0,0.0,0.0,17.0,,Sprint of large group,4.4,2.0,⛰️  Moy. montagne,0
2025-08-02,2025,vuelta-pilsen-a-colombia,stage,2.0,GW Erco Shimano,0,2.2,,,0.0,,,,,,,0.0,19.0,6.0,0.0,0.0,2.0,152.2,152.0,0.0,0.0,0.205,0.0,11.2,0.0,141.0,0.0,0.0,0.0,0.0,0.0,0.0,1679.0,908.0,1134.0,247.0,1.0,1.0,0.0,0.0,1.0,0.9833,0.9833,0.9833,0.9833,0.9833,-1.6,4.73,6.18,309.0,-0.11,214.0,1,0,0.0,7.0,0.0,0.0,0.0,0.0,0.0,0.0,0.0,17.0,,-,0.6,3.0,🏔️  Haute montagne,1
2025-08-03,2025,vuelta-pilsen-a-colombia,stage,3.0,GW Erco Shimano,0,2.2,,,0.0,,,,,,,0.0,19.0,6.0,0.0,0.0,3.0,33.26,0.474,32.7,0.0,0.0,0.0,0.0,0.0,33.2,0.0,0.0,0.0,0.0,0.0,0.0,1889.0,78.0,2977.0,1141.0,0.0,0.0,0.0,0.0,1.0,0.983,0.983,0.983,0.983,0.983,-2.4,2.5,1.98,99.0,5.44,1889.0,1,0,0.0,7.0,0.0,0.0,0.0,0.0,0.0,0.0,0.0,17.0,20.0,Time trial,0.6,3.0,🏔️  Haute montagne,1
2025-08-04,2025,vuelta-pilsen-a-colombia,stage,4.0,GW Erco Shimano,0,2.2,,,0.0,,,,,,,0.0,19.0,6.0,0.0,0.0,4.0,149.66,80.5,68.9,0.0,0.0,0.0,9.31,2.82,137.0,0.543,0.0,0.0,0.0,0.0,0.0,1057.0,734.0,2813.0,2473.0,0.0,0.0,1.0,0.0,0.0,0.9992,0.9992,0.9992,0.0,0.0,3.9,6.97,6.0,408.0,-0.03,273.0,1,0,0.0,7.0,0.0,0.0,0.0,0.0,0.0,0.0,0.0,17.0,,Sprint of 3 riders,1.0,3.0,🏔️  Haute montagne,1
2025-08-06,2025,vuelta-pilsen-a-colombia,stage,6.0,GW Erco Shimano,0,2.2,,,0.0,,,,,,,0.0,19.0,6.0,0.0,0.0,6.0,233.09,233.0,0.0,0.0,0.0,0.0,3.17,0.0,230.0,0.0,0.0,0.0,0.0,0.0,0.0,4742.0,4032.0,3267.0,267.0,2.0,3.0,0.0,0.0,1.0,0.9974,0.9974,0.9974,0.9974,0.9974,6.9,7.73,8.18,642.0,-2.87,535.0,1,0,0.0,7.0,0.0,0.0,0.0,0.0,0.0,0.0,0.0,17.0,,-,0.4,3.0,🏔️  Haute montagne,1
2025-08-07,2025,vuelta-pilsen-a-colombia,stage,7.0,GW Erco Shimano,0,2.2,,,0.0,,,,,,,3.0,19.0,6.0,0.0,0.0,7.0,180.49,179.0,1.8,0.0,0.0,0.0,0.107,0.0,180.0,0.801,0.0,0.0,0.0,0.0,0.0,834.0,1232.0,1405.0,933.0,3.0,0.0,0.0,0.0,0.0,0.8173,0.0,0.0,0.0,0.0,2.1,1.23,0.98,122.0,-0.92,303.0,1,0,0.0,7.0,0.0,0.0,0.0,0.0,0.0,0.0,0.0,17.0,,Sprint of small group,1.2,1.0,🟢  Plat/Sprint,0
2025-08-08,2025,vuelta-pilsen-a-colombia,stage,8.0,GW Erco Shimano,0,2.2,,,0.0,,,,,,,0.0,19.0,6.0,0.0,0.0,8.0,167.19,166.0,1.14,0.0,0.374,0.0,2.8,0.0,164.0,0.301,0.0,0.0,0.0,0.0,0.0,1009.0,769.0,1207.0,932.0,2.0,1.0,0.0,0.0,0.0,0.9458,0.9458,0.0,0.0,0.0,0.1,0.2,0.42,396.0,0.06,146.0,1,0,0.0,7.0,0.0,0.0,0.0,0.0,0.0,0.0,0.0,17.0,,Sprint of small group,1.8,1.0,🟢  Plat/Sprint,0
2025-08-09,2025,vuelta-pilsen-a-colombia,stage,9.0,GW Erco Shimano,0,2.2,,,0.0,,,,,,,0.0,19.0,6.0,0.0,0.0,9.0,217.07,216.0,1.06,0.0,0.0,0.0,0.0,1.04,216.0,0.0,0.223,0.0,0.223,0.0,0.0,5108.0,2675.0,2847.0,198.0,1.0,3.0,0.0,0.0,2.0,0.9996,0.9996,0.9996,0.9996,0.9996,7.0,6.87,6.28,314.0,-0.15,472.0,1,0,0.0,7.0,0.0,0.0,0.0,0.0,0.0,0.0,0.0,17.0,,-,0.2,3.0,🏔️  Haute montagne,1
2025-08-10,2025,vuelta-pilsen-a-colombia,stage,10.0,GW Erco Shimano,0,2.2,,,0.0,,,,,,,7.0,19.0,6.0,0.0,0.0,10.0,137.1,133.0,2.41,0.0,1.8,0.0,36.9,1.8,98.5,0.0,0.0,0.0,0.0,0.0,0.0,1877.0,1862.0,3010.0,2558.0,1.0,3.0,1.0,0.0,0.0,0.798,0.798,0.798,0.0,0.0,-0.3,-0.4,-2.7,53.0,0.15,490.0,1,0,0.0,7.0,0.0,0.0,0.0,0.0,0.0,0.0,0.0,17.0,,-,4.0,2.0,⛰️  Moy. montagne,0
2025-09-07,2025,vuelta-ciclista-a-venezuela,stage,1.0,GW Erco Shimano,1,2.2,FIN,17.0,0.0,2.0,30.0,,,,,1.0,63.0,45.0,0.0,0.0,1.0,130.91,110.0,1.97,0.0,0.0,0.0,109.0,3.38,0.0,0.0,19.6,0.0,19.6,0.0,0.0,1773.0,1773.0,854.0,783.0,0.0,0.0,0.0,0.0,0.0,0.0,0.0,0.0,0.0,0.0,-1.3,-1.6,-0.7,471.0,0.02,669.0,0,0,0.0,7.0,0.0,0.0,0.0,0.0,0.0,0.0,0.0,2.0,,-,1.8,1.0,🟢  Plat/Sprint,0
2025-09-08,2025,vuelta-ciclista-a-venezuela,stage,2.0,GW Erco Shimano,1,2.2,FIN,2.0,3.0,2.0,30.0,,,,,3.0,63.0,45.0,0.0,0.0,2.0,180.51,77.4,12.8,0.0,0.122,0.0,3.39,13.2,73.7,0.0,91.1,0.0,91.1,0.0,0.0,2446.0,954.0,1604.0,52.0,1.0,1.0,0.0,0.0,1.0,0.999,0.999,0.999,0.999,0.999,4.5,4.67,4.72,236.0,-0.05,187.0,0,1,130.91,7.0,0.0,0.0,0.0,0.0,0.0,0.0,0.4285714285714285,2.0,,? km solo,0.0,3.0,🏔️  Haute montagne,1
2025-09-09,2025,vuelta-ciclista-a-venezuela,stage,3.0,GW Erco Shimano,1,2.2,FIN,7.0,0.0,2.0,30.0,,,,,3.0,63.0,45.0,0.0,0.0,3.0,139.13,51.5,1.39,0.0,0.0,0.0,4.08,1.39,47.5,0.0,86.9,0.0,77.0,0.0,0.0,1389.0,2385.0,1061.0,52.0,1.0,1.0,1.0,0.0,0.0,0.6684,0.6684,0.4442,0.0,0.0,1.2,-0.13,-0.18,291.0,-0.23,799.0,0,2,311.41999999999996,7.0,0.0,0.0,0.0,0.0,0.0,0.0,0.0,2.0,,-,5.4,2.0,⛰️  Moy. montagne,0
2025-09-10,2025,vuelta-ciclista-a-venezuela,stage,4.0,GW Erco Shimano,1,2.2,FIN,3.0,1.0,2.0,30.0,,,,,8.0,63.0,45.0,0.0,0.0,4.0,126.9,78.9,4.68,0.0,0.0,0.0,0.0,4.68,78.9,0.0,45.9,0.0,45.9,0.0,0.0,2304.0,2310.0,654.0,440.0,2.0,9.0,0.0,0.0,0.0,0.9993,0.9178,0.0,0.0,0.0,3.8,3.17,1.52,351.0,-0.07,887.0,0,3,450.5499999999999,7.0,0.0,0.0,0.0,0.0,0.0,0.0,0.1428571428571428,2.0,,-,4.6,2.0,⛰️  Moy. montagne,0
2025-09-11,2025,vuelta-ciclista-a-venezuela,stage,5.0,GW Erco Shimano,1,2.2,FIN,20.0,0.0,2.0,30.0,,,,,3.0,63.0,45.0,0.0,0.0,5.0,198.91,93.4,5.13,0.0,0.0,0.0,25.1,5.74,69.2,0.0,100.0,0.0,102.0,0.504,0.0,1064.0,1294.0,715.0,193.0,2.0,1.0,0.0,0.0,0.0,0.4831,0.3462,0.0,0.0,0.0,-0.9,-0.73,-0.58,160.0,0.06,395.0,0,4,577.4499999999999,7.0,0.0,0.0,0.0,0.0,0.0,0.0,0.0,2.0,,-,1.4,1.0,🟢  Plat/Sprint,0
2025-10-24,2025,vuelta-a-guatemala,stage,1.0,GW Erco Shimano,1,2.2,FIN,52.0,0.0,6.0,10.0,,,,,0.0,69.0,55.0,0.0,0.0,1.0,172.12,171.0,0.788,0.0,0.0,0.0,0.782,0.245,170.0,0.0,1.11,0.0,0.557,0.0,0.0,1103.0,1333.0,269.0,4.0,0.0,1.0,0.0,0.0,0.0,0.3986,0.3986,0.0,0.0,0.0,0.2,-0.13,-0.26,166.0,-0.2,296.0,1,0,0.0,7.0,0.0,0.0,0.0,0.0,0.0,0.0,0.0,11.0,,Sprint of 3 riders,2.0,1.0,🟢  Plat/Sprint,0
2025-10-25,2025,vuelta-a-guatemala,stage,2.0,GW Erco Shimano,1,2.2,FIN,28.0,0.0,6.0,10.0,,,,,3.0,69.0,55.0,0.0,0.0,2.0,159.83,127.0,32.6,0.0,0.0,0.0,1.31,1.03,157.0,0.0,1.03,0.0,0.553,0.0,0.0,2661.0,1356.0,1439.0,131.0,2.0,2.0,0.0,0.0,1.0,0.9993,0.9993,0.9993,0.9993,0.9993,6.8,2.2,1.42,359.0,0.25,367.0,1,1,172.12,7.0,0.0,0.0,0.0,0.0,0.0,0.0,0.0,11.0,,-,0.6,3.0,🏔️  Haute montagne,1
2025-10-26,2025,vuelta-a-guatemala,stage,3.0,GW Erco Shimano,1,2.2,FIN,18.0,0.0,6.0,10.0,,,,,1.0,69.0,55.0,0.0,0.0,3.0,125.77,121.0,1.88,0.0,3.13,0.0,6.26,0.28,120.0,0.0,0.0,0.0,0.0,0.0,0.0,2787.0,2101.0,1898.0,729.0,2.0,1.0,2.0,0.0,1.0,0.9991,0.8902,0.8902,0.8902,0.8902,4.0,-3.57,-5.12,0.0,0.38,745.0,1,2,331.95000000000005,7.0,0.0,0.0,0.0,0.0,0.0,0.0,0.0,11.0,,? km solo,5.6,2.0,⛰️  Moy. montagne,0
2025-10-27,2025,vuelta-a-guatemala,stage,4.0,GW Erco Shimano,1,2.2,FIN,35.0,0.0,6.0,10.0,,,,,0.0,69.0,55.0,0.0,0.0,4.0,191.6,190.0,0.326,0.0,0.0,0.0,0.773,0.0,190.0,0.0,1.24,0.0,1.24,0.0,0.0,1870.0,2893.0,1534.0,116.0,1.0,2.0,1.0,0.0,0.0,0.9099,0.9099,0.9099,0.0,0.0,3.3,0.33,-1.6,383.0,-2.41,243.0,1,3,457.72,7.0,0.0,0.0,0.0,0.0,0.0,0.0,0.0,11.0,,-,4.4,2.0,⛰️  Moy. montagne,0
2025-10-28,2025,vuelta-a-guatemala,stage,5.0,GW Erco Shimano,1,2.2,FIN,12.0,0.0,6.0,10.0,,,,,0.0,69.0,55.0,0.0,0.0,5.0,110.39,100.0,8.49,0.0,0.0,0.0,21.8,0.155,87.0,0.0,1.63,0.0,1.63,0.0,0.0,1964.0,1174.0,1041.0,29.0,0.0,0.0,1.0,0.0,1.0,0.9991,0.9991,0.9991,0.9991,0.9991,8.5,4.67,5.5,603.0,-0.11,691.0,1,4,649.32,7.0,0.0,0.0,0.0,0.0,0.0,0.0,0.0,11.0,,-,1.2,3.0,🏔️  Haute montagne,1
2025-10-29,2025,vuelta-a-guatemala,stage,6.0,GW Erco Shimano,1,2.2,FIN,2.0,3.0,6.0,10.0,,,,,3.0,69.0,55.0,0.0,0.0,6.0,92.7,90.9,1.02,0.0,0.0,0.0,4.0,0.92,87.0,0.0,0.932,0.0,0.332,0.0,0.0,2812.0,543.0,2704.0,29.0,0.0,0.0,0.0,0.0,1.0,0.9453,0.9453,0.9453,0.9453,0.9453,-0.9,-3.27,-3.98,0.0,0.83,643.0,1,5,759.71,7.0,0.0,0.0,0.0,0.0,0.0,0.0,0.4285714285714285,11.0,,Sprint à deux,1.2,3.0,🏔️  Haute montagne,1
2025-10-30,2025,vuelta-a-guatemala,stage,7.0,GW Erco Shimano,1,2.2,FIN,2.0,3.0,6.0,10.0,,,,,3.0,69.0,55.0,0.0,0.0,7.0,137.07,87.9,45.0,0.0,0.0,0.0,14.8,0.1,118.0,0.0,3.99,0.0,3.99,0.0,0.0,2103.0,2302.0,3000.0,2258.0,7.0,0.0,0.0,1.0,0.0,0.994,0.8472,0.8472,0.8472,0.0,-0.5,0.67,0.88,242.0,-0.43,573.0,1,6,852.4100000000001,7.0,0.0,0.0,0.0,0.0,0.0,0.0,0.4285714285714285,11.0,,-,3.8,2.0,⛰️  Moy. montagne,0
2025-10-31,2025,vuelta-a-guatemala,stage,8.0,GW Erco Shimano,1,2.2,FIN,12.0,0.0,6.0,10.0,,,,,0.0,69.0,55.0,0.0,0.0,8.0,128.89,112.0,12.7,0.302,4.36,0.0,33.5,1.29,94.4,0.0,0.0,0.0,0.0,0.108,0.0,2830.0,2130.0,2673.0,1573.0,1.0,2.0,1.0,0.0,1.0,0.9994,0.9994,0.5252,0.5252,0.5252,3.7,2.6,0.42,421.0,2.04,1745.0,1,7,989.48,7.0,0.0,0.0,0.0,0.0,0.0,0.0,0.0,11.0,,Sprint à deux,1.8,3.0,🏔️  Haute montagne,1
2025-11-01,2025,vuelta-a-guatemala,stage,9.0,GW Erco Shimano,1,2.2,FIN,3.0,1.0,6.0,10.0,,,,,4.0,69.0,55.0,0.0,0.0,9.0,200.44,199.0,1.37,0.749,0.0,0.0,3.22,0.0,198.0,0.0,0.0,0.0,0.0,0.0,0.0,2676.0,2921.0,1780.0,129.0,1.0,1.0,0.0,0.0,1.0,0.9371,0.9371,0.9371,0.9371,0.9371,0.6,0.33,0.18,524.0,-2.68,310.0,1,8,1118.37,7.0,0.747,0.0,0.747,0.0,0.747,0.0,0.1428571428571428,11.0,,-,3.0,2.0,⛰️  Moy. montagne,0
2025-11-02,2025,vuelta-a-guatemala,stage,10.0,GW Erco Shimano,1,2.2,FIN,59.0,0.0,6.0,10.0,,,,,0.0,69.0,55.0,0.0,0.0,10.0,121.75,107.0,7.05,0.0,0.0,0.0,11.9,0.0,102.0,0.0,8.69,0.0,9.21,0.179,0.344,908.0,910.0,1558.0,1486.0,0.0,0.0,0.0,0.0,0.0,0.0,0.0,0.0,0.0,0.0,1.2,1.17,1.2,125.0,-0.05,358.0,1,9,1318.81,7.0,0.0,0.0,0.0,0.0,0.0,0.0,0.0,11.0,,-,1.4,1.0,🟢  Plat/Sprint,0
