date,year,course,type,etape,equipe,selected,classification,statut,rang,pts_uci,rang_gc_final,pts_uci_gc_final,rang_kom_final,pts_uci_kom_final,rang_points_final,pts_uci_points_final,pts_uci_equipe_stage,pts_uci_equipe_total,pts_uci_gc,pts_uci_kom,pts_uci_points,stage_num,distance_gpx_km,asphalt_km,paved_km,cobblestones_km,unpaved_km,compacted_gravel_km,road_km,street_km,state_road_km,cycleway_km,off-grid_(unknown)_km,access_road_km,unknown_km,path_km,singletrack_km,denivele_pos,denivele_neg,altitude_max,altitude_min,n_cols_cat4,n_cols_cat3,n_cols_cat2,n_cols_cat1,n_cols_hc,loc_last_col_cat4,loc_last_col_cat3,loc_last_col_cat2,loc_last_col_cat1,loc_last_col_hc,gradient_last_1km,gradient_last_3km,gradient_last_5km,denivele_last_5km,gradient_first_50km,denivele_first_50km,leader_played,n_races_30d,km_30d,max_pts,cobblestones_last_50km,compacted_gravel_last_50km,cobblestones_last_20km,compacted_gravel_last_20km,cobblestones_last_10km,compacted_gravel_last_10km,pts_ratio,startlist_quality,avg_temperature,won_how,forme_equipe,stage_cluster,stage_cluster_label,is_team_leader
2020-02-16,2020,nc-new-zealand,result,,Jumbo-Visma Development Team,0,NC,,,0.0,,,,,,,3.0,3.0,0.0,0.0,0.0,,175.55,75.5,99.6,0.0,0.0,0.0,154.0,17.7,0.324,3.18,0.455,0.0,0.455,0.0,0.0,1766.0,1767.0,320.0,39.0,3.0,2.0,0.0,0.0,0.0,0.6101,0.51,0.0,0.0,0.0,-0.4,-0.13,-0.06,17.0,0.01,446.0,0,0,0.0,100.0,0.0,0.0,0.0,0.0,0.0,0.0,0.0,17.0,,-,,1.0,🟢  Plat/Sprint,0
2020-02-29,2020,ster-van-zwolle,result,,Jumbo-Visma Development Team,1,1.2,FIN,33.0,0.0,,,,,,,35.0,35.0,0.0,0.0,0.0,,178.9,128.0,26.6,15.2,2.48,0.419,103.0,1.63,0.241,54.2,7.79,0.0,8.75,1.47,2.16,273.0,274.0,45.0,-2.0,0.0,0.0,0.0,0.0,0.0,0.0,0.0,0.0,0.0,0.0,0.0,0.0,0.06,15.0,0.0,103.0,1,0,0.0,40.0,1.604,0.864,0.176,0.864,0.141,0.864,0.0,10.0,,-,3.0,1.0,🟢  Plat/Sprint,0
2020-03-04,2020,trofej-umag,result,,Jumbo-Visma Development Team,1,1.2,FIN,86.0,0.0,,,,,,,40.0,40.0,0.0,0.0,0.0,,151.53,150.0,1.14,0.0,0.0,0.0,124.0,2.47,24.7,0.0,0.0,0.0,0.0,0.0,0.0,1102.0,1104.0,93.0,1.0,8.0,0.0,0.0,0.0,0.0,0.9541,0.0,0.0,0.0,0.0,-0.5,-1.07,-1.0,241.0,0.13,400.0,1,1,178.9,40.0,0.0,0.0,0.0,0.0,0.0,0.0,0.0,17.0,,Sprint of small group,19.0,1.0,🟢  Plat/Sprint,0
2020-03-08,2020,porec-trophy,result,,Jumbo-Visma Development Team,1,1.2,FIN,131.0,0.0,,,,,,,40.0,40.0,0.0,0.0,0.0,,149.61,149.0,0.684,0.0,0.0,0.0,91.6,0.417,57.1,0.417,0.0,0.0,0.0,0.0,0.0,1587.0,1490.0,177.0,5.0,0.0,7.0,0.0,0.0,0.0,0.9239,0.9239,0.0,0.0,0.0,4.9,2.3,1.48,147.0,0.06,514.0,1,2,330.43,40.0,0.0,0.0,0.0,0.0,0.0,0.0,0.0,19.0,,Sprint of large group,,2.0,⛰️  Moy. montagne,0
2020-07-26,2020,gp-kranj,result,,Jumbo-Visma Development Team,0,1.2,,,0.0,,,,,,,43.0,43.0,0.0,0.0,0.0,,158.87,120.0,25.7,5.55,0.0,0.0,1.19,59.0,18.1,45.4,0.0,0.0,2.31,22.7,0.883,1943.0,1944.0,400.0,340.0,0.0,0.0,0.0,0.0,0.0,0.0,0.0,0.0,0.0,0.0,4.0,1.03,-0.04,120.0,-0.01,608.0,1,0,0.0,40.0,1.467,0.0,0.393,0.0,0.0,0.0,0.0,20.0,,Sprint of large group,26.0,1.0,🟢  Plat/Sprint,0
2020-08-12,2020,tour-bitwa-warszawska-1920,prologue,,Jumbo-Visma Development Team,0,2.2,,,0.0,,,,,,,0.0,4.0,3.0,0.0,0.0,,1.79,0.899,0.0,0.0,0.0,0.0,0.0,0.0,0.0,0.597,0.901,0.0,0.901,0.329,0.0,24.0,10.0,109.0,85.0,0.0,0.0,0.0,0.0,0.0,0.0,0.0,0.0,0.0,0.0,-0.8,0.78,0.78,24.0,0.78,24.0,0,0,0.0,7.0,0.0,0.0,0.0,0.0,0.0,0.0,0.0,,,,,0.0,⏱️  CLM,0
2020-08-13,2020,tour-bitwa-warszawska-1920,stage,1.0,Jumbo-Visma Development Team,0,2.2,,,0.0,,,,,,,0.0,4.0,3.0,0.0,0.0,1.0,150.78,117.0,21.1,3.23,10.1,0.0,127.0,21.5,0.0,0.582,0.0,0.0,1.29,3.01,0.0,455.0,456.0,101.0,80.0,0.0,0.0,0.0,0.0,0.0,0.0,0.0,0.0,0.0,0.0,0.0,0.0,0.08,29.0,-0.02,135.0,0,0,0.0,7.0,0.698,0.861,0.049,0.43,0.049,0.43,0.0,36.0,,Sprint of large group,30.25,1.0,🟢  Plat/Sprint,0
2020-08-15,2020,tour-bitwa-warszawska-1920,stage,3.0,Jumbo-Visma Development Team,0,2.2,,,0.0,,,,,,,1.0,4.0,3.0,0.0,0.0,3.0,134.24,107.0,14.7,1.95,0.0,4.26,98.0,23.1,5.76,0.931,5.79,0.0,6.16,1.05,0.0,357.0,358.0,109.0,74.0,0.0,0.0,0.0,0.0,0.0,0.0,0.0,0.0,0.0,0.0,0.0,-0.07,0.04,18.0,0.01,178.0,0,0,0.0,7.0,0.431,0.0,0.0,0.0,0.0,0.0,0.0,36.0,,-,24.2,1.0,🟢  Plat/Sprint,0
2020-08-16,2020,tour-bitwa-warszawska-1920,stage,4.0,Jumbo-Visma Development Team,0,2.2,,,0.0,,,,,,,0.0,4.0,3.0,0.0,0.0,4.0,160.28,123.0,23.7,0.15,12.6,0.0,136.0,5.09,15.5,0.0,0.657,0.0,0.657,3.19,0.0,318.0,326.0,146.0,79.0,0.0,0.0,0.0,0.0,0.0,0.0,0.0,0.0,0.0,0.0,-0.2,-0.07,-0.06,28.0,0.02,148.0,0,0,0.0,7.0,0.0,0.0,0.0,0.0,0.0,0.0,0.0,36.0,,-,23.8,1.0,🟢  Plat/Sprint,0
2020-08-23,2020,nc-germany,result,,Jumbo-Visma Development Team,0,NC,,,0.0,,,,,,,3.0,3.0,0.0,0.0,0.0,,174.96,0.0,0.0,0.0,0.0,0.0,0.0,0.0,0.0,0.0,175.0,0.0,0.0,0.0,0.0,3312.0,3312.0,336.0,306.0,0.0,0.0,0.0,0.0,0.0,0.0,0.0,0.0,0.0,0.0,0.1,0.3,-0.02,483.0,-0.03,938.0,0,0,0.0,100.0,0.0,0.0,0.0,0.0,0.0,0.0,0.0,76.0,,-,40.0,2.0,⛰️  Moy. montagne,0
2020-09-04,2020,baltyk-karkonosze-tour,stage,2.0,Jumbo-Visma Development Team,0,2.2,,,0.0,,,,,,,0.0,12.0,5.0,0.0,0.0,2.0,118.76,113.0,4.3,0.279,0.171,0.0,108.0,3.58,4.17,0.708,0.0,0.0,0.0,1.58,0.0,350.0,333.0,130.0,51.0,0.0,0.0,0.0,0.0,0.0,0.0,0.0,0.0,0.0,0.0,0.0,0.1,-0.02,22.0,-0.01,165.0,0,0,0.0,7.0,0.0,0.0,0.0,0.0,0.0,0.0,0.0,22.0,,-,16.8,1.0,🟢  Plat/Sprint,0
2020-09-05,2020,baltyk-karkonosze-tour,stage,3.0,Jumbo-Visma Development Team,0,2.2,,,0.0,,,,,,,7.0,12.0,5.0,0.0,0.0,3.0,138.23,135.0,0.113,0.682,0.0,0.0,120.0,5.04,10.5,0.0,1.91,0.0,2.29,0.455,0.0,796.0,671.0,274.0,89.0,0.0,2.0,0.0,0.0,0.0,0.7742,0.7742,0.0,0.0,0.0,-0.2,0.0,0.16,64.0,0.07,260.0,0,0,0.0,7.0,0.061,0.002,0.061,0.002,0.061,0.002,0.0,22.0,,0.1 km solo,8.8,1.0,🟢  Plat/Sprint,0
2020-09-06,2020,baltyk-karkonosze-tour,stage,4.0,Jumbo-Visma Development Team,0,2.2,,,0.0,,,,,,,0.0,12.0,5.0,0.0,0.0,4.0,96.89,75.1,21.9,0.0,0.0,0.0,93.8,3.12,0.0,0.0,0.0,0.0,0.0,0.0,0.0,1762.0,1761.0,670.0,351.0,0.0,5.0,0.0,0.0,0.0,0.9426,0.9426,0.0,0.0,0.0,-1.7,-4.83,-5.46,91.0,0.14,847.0,0,0,0.0,7.0,0.0,0.0,0.0,0.0,0.0,0.0,0.0,22.0,,-,21.5,2.0,⛰️  Moy. montagne,0
2020-09-13,2020,antwerp-port-epic,result,,Jumbo-Visma Development Team,1,1.1,DNF,,0.0,,,,,,,43.0,43.0,0.0,0.0,0.0,,189.41,77.2,40.7,26.0,26.6,0.697,69.4,11.2,3.42,31.8,18.3,0.241,18.7,24.0,3.26,175.0,175.6,8.2,-4.0,0.0,0.0,0.0,0.0,0.0,0.0,0.0,0.0,0.0,0.0,-0.16,-0.05,-0.03,9.0,-0.0,55.8,0,0,0.0,125.0,0.0,0.0,0.0,0.0,0.0,0.0,0.0,131.0,,Sprint of small group,1.6,1.0,🟢  Plat/Sprint,0
2021-02-14,2021,nc-new-zealand,result,,Jumbo-Visma Development Team,0,NC,,,0.0,,,,,,,0.0,0.0,0.0,0.0,0.0,,174.16,31.9,142.0,0.0,0.0,0.0,170.0,4.71,0.0,0.0,0.0,0.0,0.0,0.0,0.0,1904.0,1904.0,228.0,40.0,4.0,4.0,0.0,0.0,0.0,0.8942,0.8942,0.0,0.0,0.0,0.1,0.13,-0.1,51.0,-0.02,507.0,0,0,0.0,100.0,0.0,0.0,0.0,0.0,0.0,0.0,0.0,25.0,,-,10.2,1.0,🟢  Plat/Sprint,0
2021-03-02,2021,gp-samyn,result,,Jumbo-Visma Development Team,1,1.1,FIN,79.0,0.0,,,,,,,3.0,3.0,0.0,0.0,0.0,,204.4,144.0,44.5,14.7,0.106,0.0,129.0,27.1,7.63,39.7,1.59,0.0,1.77,0.0,0.0,1427.0,1357.0,143.0,23.0,5.0,0.0,0.0,0.0,0.0,0.8837,0.0,0.0,0.0,0.0,0.8,1.3,0.92,130.0,0.08,327.0,0,0,0.0,125.0,7.287,0.0,2.017,0.0,1.035,0.0,0.0,294.0,,Sprint of large group,10.0,1.0,🟢  Plat/Sprint,0
2021-03-03,2021,trofej-umag,result,,Jumbo-Visma Development Team,0,1.2,,,0.0,,,,,,,0.0,0.0,0.0,0.0,0.0,,153.85,153.0,0.001,0.0,0.0,0.0,109.0,2.16,42.6,0.0,0.0,0.0,0.0,0.0,0.0,1250.0,1253.0,115.0,0.0,7.0,0.0,0.0,0.0,0.0,0.9406,0.0,0.0,0.0,0.0,-0.3,-0.93,-1.04,84.0,0.04,416.0,0,1,204.4,40.0,0.0,0.0,0.0,0.0,0.0,0.0,0.0,43.0,,Sprint of large group,10.6,1.0,🟢  Plat/Sprint,0
2021-03-07,2021,porec-trophy,result,,Jumbo-Visma Development Team,0,1.2,,,0.0,,,,,,,0.0,0.0,0.0,0.0,0.0,,149.61,149.0,0.684,0.0,0.0,0.0,91.6,0.417,57.1,0.417,0.0,0.0,0.0,0.0,0.0,1587.0,1490.0,177.0,5.0,0.0,7.0,0.0,0.0,0.0,0.9239,0.9239,0.0,0.0,0.0,4.9,2.3,1.48,147.0,0.06,514.0,0,1,204.4,40.0,0.0,0.0,0.0,0.0,0.0,0.0,0.0,38.0,,-,14.333333333333334,2.0,⛰️  Moy. montagne,0
2021-03-11,2021,istrian-spring-tour,stage,1.0,Jumbo-Visma Development Team,0,2.2,,,0.0,,,,,,,7.0,48.0,40.0,0.0,0.0,1.0,0.98,0.0,0.973,0.0,0.0,0.0,0.0,0.0,0.0,0.973,0.0,0.0,0.0,0.0,0.0,0.0,1.0,1.0,0.0,0.0,0.0,0.0,0.0,0.0,0.0,0.0,0.0,0.0,0.0,-0.1,-0.1,-0.1,0.0,-0.1,0.0,0,1,204.4,7.0,0.0,0.0,0.0,0.0,0.0,0.0,0.0,55.0,,Time trial,10.6,1.0,🟢  Plat/Sprint,0
2021-03-12,2021,istrian-spring-tour,stage,2.0,Jumbo-Visma Development Team,0,2.2,,,0.0,,,,,,,0.0,48.0,40.0,0.0,0.0,2.0,165.97,158.0,1.56,0.0,6.56,0.0,88.2,1.61,69.7,0.0,0.0,0.0,0.0,6.58,0.0,1593.0,1577.0,385.0,3.0,3.0,2.0,1.0,0.0,0.0,0.9355,0.8889,0.2923,0.0,0.0,1.4,-0.93,-0.36,71.0,0.73,742.0,0,1,204.4,7.0,0.0,0.0,0.0,0.0,0.0,0.0,0.0,55.0,,Sprint of large group,10.75,2.0,⛰️  Moy. montagne,0
2021-03-13,2021,istrian-spring-tour,stage,3.0,Jumbo-Visma Development Team,0,2.2,,,0.0,,,,,,,1.0,48.0,40.0,0.0,0.0,3.0,164.34,163.0,1.19,0.393,0.0,0.0,124.0,2.69,37.6,0.0,0.0,0.0,0.126,0.0,0.0,2118.0,2131.0,406.0,4.0,3.0,2.0,2.0,0.0,0.0,0.9998,0.9998,0.7192,0.0,0.0,6.5,7.0,4.92,262.0,0.2,583.0,0,1,204.4,7.0,0.0,0.0,0.0,0.0,0.0,0.0,0.0,55.0,,? km solo,,3.0,🏔️  Haute montagne,0
2021-03-14,2021,istrian-spring-tour,stage,4.0,Jumbo-Visma Development Team,0,2.2,,,0.0,,,,,,,0.0,48.0,40.0,0.0,0.0,4.0,141.11,141.0,0.0,0.0,0.0,0.0,62.6,0.0,78.5,0.0,0.0,0.0,0.0,0.0,0.0,1197.0,1364.0,322.0,-2.0,2.0,2.0,0.0,0.0,0.0,0.8735,0.8735,0.0,0.0,0.0,-0.3,-0.4,-0.6,7.0,0.31,494.0,0,1,204.4,7.0,0.0,0.0,0.0,0.0,0.0,0.0,0.0,55.0,,-,10.6,1.0,🟢  Plat/Sprint,0
2021-03-14,2021,paris-troyes,result,,Jumbo-Visma Development Team,1,1.2,FIN,68.0,0.0,,,,,,,15.0,15.0,0.0,0.0,0.0,,182.68,181.0,0.711,0.0,1.04,0.0,171.0,0.672,7.83,2.28,0.0,0.0,0.0,1.04,0.0,2147.0,2152.0,249.0,96.0,8.0,0.0,0.0,0.0,0.0,0.8664,0.0,0.0,0.0,0.0,-0.9,-0.47,0.06,43.0,0.2,416.0,0,1,204.4,40.0,0.0,0.0,0.0,0.0,0.0,0.0,0.0,63.0,,-,8.6,2.0,⛰️  Moy. montagne,0
2021-03-21,2021,gp-izola-butan-plin,result,,Jumbo-Visma Development Team,1,1.2,FIN,45.0,0.0,,,,,,,0.0,0.0,0.0,0.0,0.0,,153.78,150.0,3.08,0.0,0.0,0.0,72.2,2.1,72.2,7.3,0.0,0.0,0.817,0.0,0.0,2175.0,2201.0,257.0,1.0,8.0,4.0,0.0,0.0,0.0,0.8016,0.6843,0.0,0.0,0.0,0.0,-1.4,-0.16,56.0,-0.05,765.0,0,2,387.08,40.0,0.0,0.0,0.0,0.0,0.0,0.0,0.0,24.0,,-,3.6,2.0,⛰️  Moy. montagne,0
2021-03-28,2021,gp-adria-mobil,result,,Jumbo-Visma Development Team,1,1.2,FIN,101.0,0.0,,,,,,,5.0,5.0,0.0,0.0,0.0,,180.3,167.0,11.2,1.57,0.0,0.0,129.0,7.78,36.9,4.98,0.0,0.0,0.284,1.72,0.0,2537.0,2569.0,620.0,149.0,2.0,2.0,2.0,0.0,0.0,0.8747,0.8747,0.2418,0.0,0.0,-1.0,-0.5,-0.04,97.0,0.79,995.0,0,3,540.86,40.0,0.675,0.0,0.675,0.0,0.435,0.0,0.0,40.0,,-,3.0,2.0,⛰️  Moy. montagne,0
2021-05-13,2021,circuit-de-wallonie,result,,Jumbo-Visma Development Team,1,1.1,DNF,,0.0,,,,,,,5.0,5.0,0.0,0.0,0.0,,195.3,165.0,23.2,3.42,0.0,0.0,99.5,9.37,54.3,29.1,3.15,0.0,3.39,0.0,0.0,2023.0,1978.0,266.0,57.0,6.0,1.0,0.0,0.0,0.0,0.9783,0.5661,0.0,0.0,0.0,2.0,0.87,-1.12,184.0,0.03,339.0,0,0,0.0,125.0,2.997,0.0,1.498,0.0,0.749,0.0,0.0,129.0,,Sprint of large group,4.0,2.0,⛰️  Moy. montagne,0
2021-06-03,2021,tour-of-malopolska,prologue,,Jumbo-Visma Development Team,0,2.2,,,0.0,,,,,,,0.0,23.0,20.0,0.0,0.0,,1.36,1.36,0.0,0.0,0.0,0.0,0.0,0.0,0.0,0.0,0.0,0.0,0.0,1.35,0.0,118.0,4.0,357.0,243.0,1.0,0.0,0.0,0.0,0.0,0.9798,0.0,0.0,0.0,0.0,8.4,8.38,8.38,118.0,8.38,118.0,0,1,195.3,7.0,0.0,0.0,0.0,0.0,0.0,0.0,0.0,,,,0.0,0.0,⏱️  CLM,0
2021-06-04,2021,tour-of-malopolska,stage,1.0,Jumbo-Visma Development Team,0,2.2,,,0.0,,,,,,,0.0,23.0,20.0,0.0,0.0,1.0,132.32,123.0,6.8,2.26,0.0,0.0,128.0,2.63,0.0,0.0,0.0,0.0,0.359,2.22,0.0,2152.0,1825.0,579.0,219.0,6.0,2.0,1.0,0.0,0.0,0.9995,0.9995,0.6179,0.0,0.0,5.7,6.47,5.4,296.0,0.2,599.0,0,1,195.3,7.0,0.0,0.0,0.0,0.0,0.0,0.0,0.0,30.0,,? km solo,1.0,3.0,🏔️  Haute montagne,0
2021-06-05,2021,tour-of-malopolska,stage,2.0,Jumbo-Visma Development Team,0,2.2,,,0.0,,,,,,,3.0,23.0,20.0,0.0,0.0,2.0,146.68,145.0,0.438,0.867,0.0,0.0,134.0,3.59,7.65,1.09,0.0,0.0,0.247,0.662,0.0,1824.0,1424.0,807.0,190.0,2.0,1.0,1.0,0.0,0.0,0.8545,0.8545,0.6363,0.0,0.0,0.8,0.23,0.44,70.0,0.19,503.0,0,1,195.3,7.0,0.661,0.0,0.027,0.0,0.027,0.0,0.0,30.0,,Sprint of large group,5.0,2.0,⛰️  Moy. montagne,0
2021-06-06,2021,tour-of-malopolska,stage,3.0,Jumbo-Visma Development Team,0,2.2,,,0.0,,,,,,,0.0,23.0,20.0,0.0,0.0,3.0,124.82,124.0,0.0,0.328,0.283,0.0,117.0,0.211,3.48,2.95,0.552,0.0,0.667,0.578,0.0,1811.0,1283.0,1143.0,293.0,3.0,1.0,0.0,0.0,1.0,0.9995,0.9995,0.9995,0.9995,0.9995,8.2,8.97,9.4,625.0,-0.02,400.0,0,1,195.3,7.0,0.0,0.0,0.0,0.0,0.0,0.0,0.0,30.0,,-,0.5,3.0,🏔️  Haute montagne,0
2021-06-17,2021,nc-norway-itt,result,,Jumbo-Visma Development Team,0,NC,,,0.0,,,,,,,0.0,0.0,0.0,0.0,0.0,,,,,,,,,,,,,,,,,,,,,0.0,0.0,0.0,0.0,0.0,,,,,,,,,,,,0,0,0.0,,,,,,,,,14.0,,Time trial,,,,0
2021-06-20,2021,nc-norway,result,,Jumbo-Visma Development Team,0,NC,,,0.0,,,,,,,20.0,20.0,0.0,0.0,0.0,,148.25,148.0,0.0,0.0,0.0,0.0,70.2,0.0,78.0,0.0,0.0,0.0,0.0,0.0,0.0,2200.0,2200.0,64.0,11.0,0.0,0.0,0.0,0.0,0.0,0.0,0.0,0.0,0.0,0.0,-0.4,-0.5,0.52,149.0,-0.04,701.0,0,0,0.0,100.0,0.0,0.0,0.0,0.0,0.0,0.0,0.0,45.0,,? km solo,2.0,1.0,🟢  Plat/Sprint,0
2021-06-20,2021,nc-germany,result,,Jumbo-Visma Development Team,0,NC,,,0.0,,,,,,,0.0,0.0,0.0,0.0,0.0,,185.38,186.0,0.0,0.0,0.0,0.0,165.0,21.1,0.0,0.0,0.0,0.0,0.0,0.0,0.0,3312.0,3200.0,483.0,330.0,26.0,0.0,0.0,0.0,0.0,0.9991,0.0,0.0,0.0,0.0,1.0,2.53,1.58,79.0,0.22,911.0,0,0,0.0,100.0,0.0,0.0,0.0,0.0,0.0,0.0,0.0,120.0,,? km solo,5.6,2.0,⛰️  Moy. montagne,0
2021-07-22,2021,tour-alsace,stage,2.0,Jumbo-Visma Development Team,1,2.2,FIN,104.0,0.0,97.0,0.0,,,,,0.0,0.0,0.0,0.0,0.0,2.0,159.39,156.0,3.31,0.0,0.206,0.0,142.0,1.13,13.5,1.97,0.0,0.0,0.0,0.206,0.0,1456.0,1327.0,712.0,190.0,4.0,0.0,1.0,0.0,0.0,0.791,0.791,0.791,0.0,0.0,3.0,0.87,0.36,39.0,0.07,89.0,0,0,0.0,7.0,0.0,0.0,0.0,0.0,0.0,0.0,0.0,42.0,,Sprint of large group,6.0,1.0,🟢  Plat/Sprint,0
2021-07-23,2021,tour-alsace,stage,3.0,Jumbo-Visma Development Team,1,2.2,FIN,118.0,0.0,97.0,0.0,,,,,0.0,0.0,0.0,0.0,0.0,3.0,144.48,141.0,3.0,0.0,0.0,0.0,135.0,0.579,7.05,1.47,0.0,0.0,0.0,0.0,0.0,2424.0,1632.0,1035.0,215.0,4.0,1.0,1.0,0.0,1.0,0.9998,0.9998,0.9998,0.9998,0.9998,5.9,7.8,8.2,383.0,0.06,504.0,0,1,159.39,7.0,0.0,0.0,0.0,0.0,0.0,0.0,0.0,42.0,,-,0.3333333333333333,3.0,🏔️  Haute montagne,0
2021-07-24,2021,tour-alsace,stage,4.0,Jumbo-Visma Development Team,1,2.2,FIN,98.0,0.0,97.0,0.0,,,,,0.0,0.0,0.0,0.0,0.0,4.0,159.37,151.0,5.87,0.76,0.743,0.0,148.0,2.55,6.57,1.03,0.42,0.0,0.459,0.743,0.0,4235.0,3372.0,1162.0,220.0,2.0,1.0,2.0,1.0,2.0,0.9998,0.9998,0.9998,0.9998,0.9998,5.1,5.33,5.82,416.0,0.98,1499.0,0,2,303.87,7.0,0.331,0.0,0.0,0.0,0.0,0.0,0.0,42.0,,-,0.25,3.0,🏔️  Haute montagne,0
2021-07-25,2021,tour-alsace,stage,5.0,Jumbo-Visma Development Team,1,2.2,FIN,101.0,0.0,97.0,0.0,,,,,0.0,0.0,0.0,0.0,0.0,5.0,160.58,152.0,8.59,0.0,0.0,0.0,117.0,3.76,20.8,18.6,0.0,0.0,0.293,0.0,0.0,682.0,673.0,351.0,215.0,1.0,0.0,0.0,0.0,0.0,0.4915,0.0,0.0,0.0,0.0,2.0,1.1,0.82,61.0,-0.07,149.0,0,3,463.24,7.0,0.0,0.0,0.0,0.0,0.0,0.0,0.0,42.0,,Sprint of large group,5.4,1.0,🟢  Plat/Sprint,0
2021-07-31,2021,kreiz-breizh-elites,stage,2.0,Jumbo-Visma Development Team,0,2.2,,,0.0,,,,,,,0.0,67.0,60.0,0.0,0.0,2.0,189.87,144.0,45.9,0.0,0.0,0.0,169.0,7.79,10.9,2.36,0.0,0.0,0.0,0.0,0.0,2348.0,2327.0,288.0,50.0,3.0,1.0,0.0,0.0,0.0,0.8278,0.8278,0.0,0.0,0.0,0.0,-0.4,-0.44,104.0,-0.04,700.0,0,4,623.82,7.0,0.0,0.0,0.0,0.0,0.0,0.0,0.0,27.0,,? km solo,2.6,2.0,⛰️  Moy. montagne,0
2021-08-01,2021,kreiz-breizh-elites,stage,3.0,Jumbo-Visma Development Team,0,2.2,,,0.0,,,,,,,0.0,67.0,60.0,0.0,0.0,3.0,180.16,170.0,9.96,0.0,0.0,0.0,167.0,13.1,0.162,0.294,0.0,0.0,0.0,0.0,0.0,2807.0,2844.0,278.0,81.0,2.0,0.0,0.0,0.0,0.0,0.4092,0.0,0.0,0.0,0.0,2.2,0.43,1.22,192.0,0.03,682.0,0,4,623.82,7.0,0.0,0.0,0.0,0.0,0.0,0.0,0.0,27.0,,-,2.6,2.0,⛰️  Moy. montagne,0
2021-08-02,2021,kreiz-breizh-elites,stage,4.0,Jumbo-Visma Development Team,0,2.2,,,0.0,,,,,,,7.0,67.0,60.0,0.0,0.0,4.0,181.14,142.0,38.9,0.0,0.0,0.0,156.0,24.8,0.0,0.0,0.0,0.0,0.0,0.0,0.0,2657.0,2527.0,285.0,100.0,9.0,1.0,0.0,0.0,0.0,0.9995,0.2866,0.0,0.0,0.0,3.1,1.3,1.34,127.0,0.29,752.0,0,4,623.82,7.0,0.0,0.0,0.0,0.0,0.0,0.0,0.0,27.0,,-,1.6,2.0,⛰️  Moy. montagne,0
2021-08-17,2021,gp-stad-zottegem,result,,Jumbo-Visma Development Team,0,1.1,,,0.0,,,,,,,35.0,35.0,0.0,0.0,0.0,,,,,,,,,,,,,,,,,,,,,0.0,0.0,0.0,0.0,0.0,,,,,,,,,,,,0,4,623.82,,,,,,,,,91.0,,Sprint of large group,,,,0
2021-08-29,2021,ronde-van-de-achterhoek,result,,NWV Groningen,1,1.2,FIN,58.0,0.0,,,,,,,0.0,0.0,0.0,0.0,0.0,,204.73,140.0,24.7,16.4,6.26,13.0,111.0,10.3,10.4,37.3,4.8,0.0,6.8,20.1,0.642,485.0,502.0,77.0,8.0,0.0,0.0,0.0,0.0,0.0,0.0,0.0,0.0,0.0,0.0,0.0,0.03,-0.02,6.0,-0.03,95.0,0,0,0.0,40.0,4.096,0.0,2.723,0.0,1.362,0.0,0.0,9.0,16.0,Sprint of small group,0.0,1.0,🟢  Plat/Sprint,0
2021-09-18,2021,zodc-zuidenveld-tour,result,,NWV Groningen,1,1.2,DNF,,0.0,,,,,,,10.0,10.0,0.0,0.0,0.0,,202.57,118.0,65.2,16.0,2.33,0.0,127.0,0.807,0.0,36.9,1.69,0.0,1.8,2.34,0.21,330.0,327.0,28.0,4.0,0.0,0.0,0.0,0.0,0.0,0.0,0.0,0.0,0.0,0.0,0.1,0.0,0.06,21.0,0.01,99.0,0,1,204.73,40.0,0.012,0.0,0.006,0.0,0.0,0.0,0.0,5.0,,65 km solo,0.0,1.0,🟢  Plat/Sprint,0
2021-09-26,2021,dorpenomloop-rucphen,result,,NWV Groningen,1,1.2,FIN,41.0,0.0,,,,,,,0.0,0.0,0.0,0.0,0.0,,193.13,74.8,94.7,0.0,2.09,0.0,102.0,1.1,0.0,51.4,22.6,0.0,23.4,1.63,0.459,240.0,240.0,19.0,6.0,0.0,0.0,0.0,0.0,0.0,0.0,0.0,0.0,0.0,0.0,-0.3,-0.03,0.0,12.0,0.0,67.0,1,2,407.2999999999999,40.0,0.0,0.0,0.0,0.0,0.0,0.0,0.0,19.0,,13.7 km solo,2.0,1.0,🟢  Plat/Sprint,0
2021-10-16,2021,ster-van-zwolle,result,,Jumbo-Visma Development Team,0,1.2,,,0.0,,,,,,,33.0,33.0,0.0,0.0,0.0,,0.0,0.0,0.0,0.0,0.0,0.0,0.0,0.0,0.0,0.0,0.0,0.0,0.0,0.0,0.0,0.0,0.0,0.0,0.0,0.0,0.0,0.0,0.0,0.0,0.0,0.0,0.0,0.0,0.0,0.0,0.0,0.0,0.0,0.0,0.0,0,2,395.7,,,,,,,,,19.0,13.0,Sprint of small group,,,,0
2021-10-16,2021,ster-van-zwolle,result,,NWV Groningen,1,1.2,FIN,63.0,0.0,,,,,,,0.0,0.0,0.0,0.0,0.0,,0.0,0.0,0.0,0.0,0.0,0.0,0.0,0.0,0.0,0.0,0.0,0.0,0.0,0.0,0.0,0.0,0.0,0.0,0.0,0.0,0.0,0.0,0.0,0.0,0.0,0.0,0.0,0.0,0.0,0.0,0.0,0.0,0.0,0.0,0.0,0,2,395.7,,,,,,,,,19.0,13.0,Sprint of small group,,,,0
2021-10-24,2021,ronde-van-drenthe,result,,Jumbo-Visma Development Team,0,1.1,,,0.0,,,,,,,70.0,70.0,0.0,0.0,0.0,,185.14,90.7,56.7,27.0,3.65,0.0,100.0,14.2,0.0,37.7,2.07,0.0,8.12,17.2,0.617,550.0,555.0,38.0,0.0,0.0,0.0,0.0,0.0,0.0,0.0,0.0,0.0,0.0,0.0,0.1,0.1,0.06,13.0,0.0,120.0,1,2,193.13,125.0,1.845,0.0,0.263,0.0,0.098,0.0,0.0,57.0,12.0,? km solo,5.4,1.0,🟢  Plat/Sprint,0
2022-03-06,2022,elfsteden-race,result,,Metec - SOLARWATT p/b Mantel,0,1.2,,,0.0,,,,,,,15.0,15.0,0.0,0.0,0.0,,200.13,141.0,28.5,11.7,1.19,0.0,104.0,4.09,8.05,19.7,15.8,0.0,18.6,2.19,0.738,172.0,173.0,11.0,-4.0,0.0,0.0,0.0,0.0,0.0,0.0,0.0,0.0,0.0,0.0,-0.1,-0.07,-0.06,13.0,0.0,34.0,1,0,0.0,40.0,1.943,0.0,0.69,0.0,0.0,0.0,0.0,25.0,,Sprint à deux,6.8,1.0,🟢  Plat/Sprint,0
2022-03-06,2022,grote-prijs-jean-pierre-monsere,result,,Metec - SOLARWATT p/b Mantel,0,1.1,,,0.0,,,,,,,0.0,0.0,0.0,0.0,0.0,,202.42,101.0,91.9,9.3,0.0,0.0,97.3,16.8,0.633,80.8,0.0,0.0,0.0,0.0,0.0,634.0,630.0,49.0,3.0,0.0,0.0,0.0,0.0,0.0,0.0,0.0,0.0,0.0,0.0,-0.1,-0.07,-0.12,36.0,0.04,167.0,0,0,0.0,125.0,2.212,0.0,0.883,0.0,0.883,0.0,0.0,109.0,,Sprint of large group,9.8,1.0,🟢  Plat/Sprint,0
2022-03-13,2022,ronde-van-drenthe,result,,Metec - SOLARWATT p/b Mantel,1,1.1,DNF,,0.0,,,,,,,25.0,25.0,0.0,0.0,0.0,,196.25,108.0,65.7,13.2,1.5,0.0,98.8,13.5,0.0,65.2,3.2,0.0,8.45,6.54,0.12,414.0,410.0,38.0,5.0,0.0,0.0,0.0,0.0,0.0,0.0,0.0,0.0,0.0,0.0,0.2,0.03,-0.04,72.0,0.03,89.0,0,0,0.0,125.0,0.627,0.0,0.388,0.0,0.223,0.0,0.0,88.0,,3.3 km solo,8.6,1.0,🟢  Plat/Sprint,0
2022-03-13,2022,dorpenomloop-rucphen,result,,Metec - SOLARWATT p/b Mantel,0,1.2,,,0.0,,,,,,,0.0,0.0,0.0,0.0,0.0,,185.91,90.1,86.3,0.855,2.56,0.0,99.4,0.732,0.0,45.2,6.54,0.0,7.08,2.56,0.0,233.0,230.0,21.0,6.0,0.0,0.0,0.0,0.0,0.0,0.0,0.0,0.0,0.0,0.0,-0.3,-0.1,-0.06,24.0,0.01,60.0,0,0,0.0,40.0,0.0,0.201,0.0,0.067,0.0,0.067,0.0,28.0,,11.6 km solo,9.8,1.0,🟢  Plat/Sprint,0
2022-03-21,2022,tour-de-normadie,stage,1.0,Metec - SOLARWATT p/b Mantel,0,2.2,,,0.0,,,,,,,0.0,27.0,20.0,0.0,0.0,1.0,148.49,132.0,16.8,0.0,0.0,0.0,117.0,1.04,30.0,0.515,0.0,0.0,0.0,0.0,0.0,1712.0,1623.0,247.0,2.0,8.0,1.0,0.0,0.0,0.0,0.9674,0.5371,0.0,0.0,0.0,-2.0,-1.27,-1.24,144.0,0.07,288.0,0,1,196.25,7.0,0.0,0.0,0.0,0.0,0.0,0.0,0.0,21.0,,? km solo,12.6,1.0,🟢  Plat/Sprint,0
2022-03-22,2022,tour-de-normadie,stage,2.0,Metec - SOLARWATT p/b Mantel,0,2.2,,,0.0,,,,,,,0.0,27.0,20.0,0.0,0.0,2.0,173.06,167.0,6.13,0.0,0.0,0.0,158.0,0.151,10.6,3.92,0.0,0.0,0.0,0.0,0.0,1540.0,1516.0,217.0,12.0,6.0,1.0,0.0,0.0,0.0,0.9354,0.6039,0.0,0.0,0.0,0.7,1.13,0.92,87.0,-0.23,294.0,0,1,196.25,7.0,0.0,0.0,0.0,0.0,0.0,0.0,0.0,21.0,,Sprint of large group,8.0,1.0,🟢  Plat/Sprint,0
2022-03-23,2022,tour-de-normadie,stage,3.0,Metec - SOLARWATT p/b Mantel,0,2.2,,,0.0,,,,,,,0.0,27.0,20.0,0.0,0.0,3.0,179.55,173.0,6.52,0.0,0.0,0.0,126.0,4.51,48.9,0.219,0.0,0.0,0.0,0.0,0.0,1154.0,1298.0,210.0,5.0,5.0,0.0,0.0,0.0,0.0,0.9478,0.0,0.0,0.0,0.0,-0.8,-1.27,-1.94,7.0,0.06,223.0,0,1,196.25,7.0,0.0,0.0,0.0,0.0,0.0,0.0,0.0,21.0,,Sprint of small group,5.0,1.0,🟢  Plat/Sprint,0
2022-03-24,2022,tour-de-normadie,stage,4.0,Metec - SOLARWATT p/b Mantel,0,2.2,,,0.0,,,,,,,0.0,27.0,20.0,0.0,0.0,4.0,161.02,148.0,12.3,0.0,0.0,0.0,137.0,0.679,17.5,5.08,0.773,0.0,0.814,0.0,0.0,1795.0,1933.0,326.0,98.0,8.0,1.0,0.0,0.0,0.0,0.7187,0.6417,0.0,0.0,0.0,-0.5,-0.17,-0.04,44.0,-0.03,721.0,0,1,196.25,7.0,0.0,0.0,0.0,0.0,0.0,0.0,0.0,21.0,,Sprint of large group,0.2,2.0,⛰️  Moy. montagne,0
2022-03-25,2022,tour-de-normadie,stage,5.0,Metec - SOLARWATT p/b Mantel,0,2.2,,,0.0,,,,,,,0.0,27.0,20.0,0.0,0.0,5.0,156.98,140.0,17.1,0.0,0.0,0.0,151.0,5.39,0.922,0.0,0.0,0.0,0.0,0.0,0.0,1961.0,1871.0,310.0,89.0,9.0,1.0,0.0,0.0,0.0,0.9732,0.3015,0.0,0.0,0.0,0.2,-1.3,0.48,85.0,0.3,732.0,0,1,196.25,7.0,0.0,0.0,0.0,0.0,0.0,0.0,0.0,21.0,17.0,Sprint of large group,0.2,2.0,⛰️  Moy. montagne,0
2022-03-26,2022,tour-de-normadie,stage,6.0,Metec - SOLARWATT p/b Mantel,0,2.2,,,0.0,,,,,,,7.0,27.0,20.0,0.0,0.0,6.0,176.9,176.0,1.35,0.0,0.0,0.0,162.0,2.61,11.6,1.02,0.0,0.0,0.0,0.0,0.0,802.0,800.0,36.0,0.0,0.0,0.0,0.0,0.0,0.0,0.0,0.0,0.0,0.0,0.0,0.4,0.03,-0.44,40.0,0.01,195.0,0,1,196.25,7.0,0.0,0.0,0.0,0.0,0.0,0.0,0.0,21.0,14.0,Sprint of small group,5.0,1.0,🟢  Plat/Sprint,0
2022-03-27,2022,tour-de-normadie,stage,7.0,Metec - SOLARWATT p/b Mantel,0,2.2,,,0.0,,,,,,,0.0,27.0,20.0,0.0,0.0,7.0,143.78,141.0,2.24,0.0,0.0,0.0,139.0,0.602,0.316,3.23,0.0,0.42,0.0,0.0,0.0,1648.0,1701.0,346.0,3.0,0.0,2.0,1.0,0.0,0.0,0.7254,0.7254,0.7254,0.0,0.0,0.2,0.0,0.02,12.0,0.51,763.0,0,1,196.25,7.0,0.0,0.0,0.0,0.0,0.0,0.0,0.0,21.0,17.0,Sprint of large group,0.0,2.0,⛰️  Moy. montagne,0
2022-04-02,2022,volta-nxt-classic,result,,Metec - SOLARWATT p/b Mantel,0,1.1,,,0.0,,,,,,,3.0,3.0,0.0,0.0,0.0,,194.84,179.0,13.8,1.87,0.0,0.0,137.0,5.22,0.0,40.3,0.914,0.0,0.914,0.0,0.0,2821.0,2820.0,292.0,48.0,6.0,2.0,0.0,0.0,0.0,0.856,0.8377,0.0,0.0,0.0,0.8,0.23,0.06,21.0,0.28,843.0,1,1,196.25,125.0,0.776,0.0,0.766,0.0,0.766,0.0,0.0,90.0,28.0,Sprint of small group,0.0,2.0,⛰️  Moy. montagne,0
2022-04-06,2022,circuit-des-ardennes,stage,1.0,Metec - SOLARWATT p/b Mantel,0,2.2,,,0.0,,,,,,,0.0,20.0,20.0,0.0,0.0,1.0,164.11,124.0,40.5,0.0,0.0,0.0,152.0,6.46,5.13,0.0,0.0,0.0,0.0,0.0,0.0,1791.0,1788.0,361.0,169.0,6.0,0.0,0.0,0.0,0.0,0.8996,0.0,0.0,0.0,0.0,1.6,0.5,0.06,87.0,-0.06,590.0,1,1,196.25,7.0,0.0,0.0,0.0,0.0,0.0,0.0,0.0,31.0,9.0,Sprint of small group,6.4,1.0,🟢  Plat/Sprint,0
2022-04-07,2022,circuit-des-ardennes,stage,2.0,Metec - SOLARWATT p/b Mantel,0,2.2,,,0.0,,,,,,,0.0,20.0,20.0,0.0,0.0,2.0,93.87,89.8,4.14,0.0,0.0,0.0,88.1,5.84,0.0,0.0,0.0,0.0,0.0,0.0,0.0,1555.0,1533.0,334.0,156.0,4.0,3.0,0.0,0.0,0.0,0.8551,0.8551,0.0,0.0,0.0,1.8,-1.43,-0.22,101.0,0.03,826.0,1,1,196.25,7.0,0.0,0.0,0.0,0.0,0.0,0.0,0.0,31.0,11.0,? km solo,0.6,2.0,⛰️  Moy. montagne,0
2022-04-09,2022,circuit-des-ardennes,stage,4.0,Metec - SOLARWATT p/b Mantel,0,2.2,,,0.0,,,,,,,0.0,20.0,20.0,0.0,0.0,4.0,,,,,,,,,,,,,,,,,,,,0.0,0.0,0.0,0.0,0.0,,,,,,,,,,,,1,1,196.25,,,,,,,,,31.0,7.0,-,,,,0
2022-04-13,2022,tour-du-loir-et-cher,stage,1.0,Metec - SOLARWATT p/b Mantel,0,2.2,,,0.0,,,,,,,0.0,23.0,15.0,0.0,0.0,1.0,149.5,145.0,4.6,0.0,0.0,0.0,149.0,0.868,0.0,0.0,0.0,0.0,0.0,0.0,0.0,683.0,657.0,122.0,75.0,0.0,0.0,0.0,0.0,0.0,0.0,0.0,0.0,0.0,0.0,0.5,-0.23,0.16,54.0,0.04,171.0,1,0,0.0,7.0,0.0,0.0,0.0,0.0,0.0,0.0,0.0,15.0,14.0,Sprint of large group,1.4,1.0,🟢  Plat/Sprint,0
2022-04-14,2022,tour-du-loir-et-cher,stage,2.0,Metec - SOLARWATT p/b Mantel,0,2.2,,,0.0,,,,,,,1.0,23.0,15.0,0.0,0.0,2.0,199.79,186.0,14.2,0.0,0.0,0.0,181.0,4.92,12.9,1.36,0.0,0.0,0.0,0.0,0.0,1205.0,1197.0,155.0,60.0,1.0,0.0,0.0,0.0,0.0,0.436,0.0,0.0,0.0,0.0,-0.2,-0.03,-0.02,84.0,-0.02,195.0,1,0,0.0,7.0,0.0,0.0,0.0,0.0,0.0,0.0,0.0,15.0,19.0,Sprint of small group,1.4,1.0,🟢  Plat/Sprint,0
2022-04-15,2022,tour-du-loir-et-cher,stage,3.0,Metec - SOLARWATT p/b Mantel,0,2.2,,,0.0,,,,,,,0.0,23.0,15.0,0.0,0.0,3.0,213.99,194.0,17.5,0.114,2.39,0.0,204.0,6.33,0.333,0.432,0.285,0.0,0.285,2.39,0.0,1637.0,1656.0,250.0,55.0,2.0,0.0,0.0,0.0,0.0,0.7442,0.0,0.0,0.0,0.0,-0.1,-1.1,0.0,59.0,-0.02,391.0,1,0,0.0,7.0,0.0,0.0,0.0,0.0,0.0,0.0,0.0,15.0,21.0,-,1.6,1.0,🟢  Plat/Sprint,0
2022-04-16,2022,arno-wallaard-memorial,result,,Metec - SOLARWATT p/b Mantel,1,1.2,FIN,72.0,0.0,,,,,,,0.0,0.0,0.0,0.0,0.0,,187.89,143.0,35.8,8.32,0.0,0.0,154.0,3.85,0.536,12.7,0.984,0.0,1.03,0.0,0.0,128.0,129.0,6.0,-2.0,0.0,0.0,0.0,0.0,0.0,0.0,0.0,0.0,0.0,0.0,0.0,0.03,-0.02,13.0,-0.0,26.0,0,0,0.0,40.0,3.127,0.0,1.925,0.0,0.843,0.0,0.0,13.0,16.0,Sprint of small group,1.6,1.0,🟢  Plat/Sprint,0
2022-04-16,2022,tour-du-loir-et-cher,stage,4.0,Metec - SOLARWATT p/b Mantel,0,2.2,,,0.0,,,,,,,0.0,23.0,15.0,0.0,0.0,4.0,209.2,198.0,11.0,0.336,0.0,0.0,190.0,2.83,15.4,1.28,0.0,0.0,0.0,0.0,0.0,883.0,882.0,149.0,84.0,0.0,0.0,0.0,0.0,0.0,0.0,0.0,0.0,0.0,0.0,-0.3,-0.27,-0.38,62.0,-0.04,212.0,1,0,0.0,7.0,0.0,0.0,0.0,0.0,0.0,0.0,0.0,15.0,20.0,Sprint of large group,0.2,1.0,🟢  Plat/Sprint,0
2022-04-17,2022,tour-du-loir-et-cher,stage,5.0,Metec - SOLARWATT p/b Mantel,0,2.2,,,0.0,,,,,,,7.0,23.0,15.0,0.0,0.0,5.0,96.61,95.4,0.0,2.2,0.0,0.0,42.5,15.3,15.3,19.5,0.0,0.0,0.3,5.25,0.0,661.0,663.0,107.0,65.0,0.0,0.0,0.0,0.0,0.0,0.0,0.0,0.0,0.0,0.0,3.5,1.2,0.7,85.0,-0.07,321.0,1,1,187.89,7.0,0.87,0.008,0.338,0.0,0.169,0.0,0.0,15.0,21.0,Sprint of large group,0.2,1.0,🟢  Plat/Sprint,0
2022-04-30,2022,zodc-zuidenveld-tour,result,,Metec - SOLARWATT p/b Mantel,1,1.2,FIN,11.0,0.0,,,,,,,25.0,25.0,0.0,0.0,0.0,,178.1,92.0,63.8,19.8,1.51,0.0,114.0,1.01,0.0,23.8,1.31,0.0,1.1,7.71,0.5,323.0,319.0,31.0,6.0,0.0,0.0,0.0,0.0,0.0,0.0,0.0,0.0,0.0,0.0,0.0,0.07,0.06,22.0,0.01,102.0,1,1,187.89,40.0,0.041,0.0,0.006,0.0,0.0,0.0,0.0,6.0,12.0,Sprint of small group,1.6,1.0,🟢  Plat/Sprint,0
2022-05-07,2022,ronde-van-overijssel,result,,Metec - SOLARWATT p/b Mantel,0,1.2,,,0.0,,,,,,,20.0,20.0,0.0,0.0,0.0,,201.42,166.0,11.3,21.6,0.459,0.0,147.0,1.94,3.27,38.9,1.96,0.0,2.38,0.59,0.274,745.0,722.0,82.0,5.0,0.0,0.0,0.0,0.0,0.0,0.0,0.0,0.0,0.0,0.0,-0.2,0.3,0.24,52.0,0.04,150.0,1,2,365.99,40.0,9.119,0.0,0.0,0.0,0.0,0.0,0.0,21.0,20.0,Sprint of large group,6.4,1.0,🟢  Plat/Sprint,0
2022-05-08,2022,fleche-ardennaise,result,,Metec - SOLARWATT p/b Mantel,0,1.2,,,0.0,,,,,,,0.0,0.0,0.0,0.0,0.0,,167.92,149.0,16.9,2.5,0.0,0.0,138.0,3.54,21.7,5.12,0.0,0.0,0.0,0.0,0.0,3420.0,3423.0,563.0,188.0,6.0,9.0,0.0,0.0,0.0,0.9365,0.9365,0.0,0.0,0.0,-1.3,-1.57,-3.28,72.0,0.19,916.0,1,2,365.99,40.0,1.603,0.0,0.851,0.0,0.256,0.0,0.0,13.0,15.0,-,0.6,2.0,⛰️  Moy. montagne,0
2022-05-21,2022,veenendaal-veenendaal,result,,Metec - SOLARWATT p/b Mantel,0,1.1,,,0.0,,,,,,,6.0,6.0,0.0,0.0,0.0,,199.86,140.0,41.5,12.6,2.41,0.0,115.0,11.0,2.21,46.9,4.06,0.0,4.64,2.55,0.0,996.0,1012.0,72.0,3.0,0.0,0.0,0.0,0.0,0.0,0.0,0.0,0.0,0.0,0.0,0.1,0.07,0.06,51.0,0.05,316.0,1,1,178.1,125.0,1.745,0.0,1.284,0.0,0.081,0.0,0.0,117.0,18.0,Sprint of large group,10.4,1.0,🟢  Plat/Sprint,0
2022-05-25,2022,rhone-alpes-isere-tour,stage,1.0,Metec - SOLARWATT p/b Mantel,0,2.2,,,0.0,,,,,,,3.0,9.0,3.0,0.0,0.0,1.0,118.72,114.0,4.99,0.0,0.0,0.0,111.0,0.376,5.37,1.6,0.0,0.0,0.0,0.0,0.0,1211.0,1204.0,417.0,199.0,1.0,2.0,0.0,0.0,0.0,0.6987,0.6987,0.0,0.0,0.0,0.1,0.03,0.02,18.0,0.07,614.0,1,1,178.1,7.0,0.0,0.0,0.0,0.0,0.0,0.0,0.0,35.0,22.0,-,11.6,1.0,🟢  Plat/Sprint,0
2022-05-26,2022,rhone-alpes-isere-tour,stage,2.0,Metec - SOLARWATT p/b Mantel,0,2.2,,,0.0,,,,,,,0.0,9.0,3.0,0.0,0.0,2.0,161.34,147.0,14.6,0.0,0.0,0.0,150.0,0.575,3.6,7.15,0.0,0.0,0.0,0.0,0.0,2113.0,2267.0,615.0,219.0,4.0,4.0,0.0,0.0,0.0,0.8873,0.8873,0.0,0.0,0.0,1.1,-1.47,-1.12,77.0,0.27,767.0,1,1,178.1,7.0,0.0,0.0,0.0,0.0,0.0,0.0,0.0,35.0,22.0,-,0.6,2.0,⛰️  Moy. montagne,0
2022-05-27,2022,rhone-alpes-isere-tour,stage,3.0,Metec - SOLARWATT p/b Mantel,0,2.2,,,0.0,,,,,,,0.0,9.0,3.0,0.0,0.0,3.0,146.05,116.0,30.4,0.0,0.0,0.0,141.0,3.92,0.807,0.0,0.0,0.0,0.0,0.0,0.0,1724.0,1774.0,436.0,177.0,5.0,3.0,0.0,0.0,0.0,0.7851,0.7851,0.0,0.0,0.0,0.4,0.37,0.06,51.0,0.2,646.0,1,1,178.1,7.0,0.0,0.0,0.0,0.0,0.0,0.0,0.0,35.0,22.0,-,0.6,2.0,⛰️  Moy. montagne,0
2022-05-28,2022,rhone-alpes-isere-tour,stage,4.0,Metec - SOLARWATT p/b Mantel,0,2.2,,,0.0,,,,,,,3.0,9.0,3.0,0.0,0.0,4.0,169.56,166.0,3.55,0.0,0.156,0.0,165.0,0.0,0.677,3.08,0.0,0.0,0.113,0.113,0.109,2622.0,2626.0,1008.0,180.0,5.0,0.0,2.0,0.0,1.0,0.9305,0.7938,0.7938,0.5663,0.5663,-0.2,-1.13,-1.18,20.0,0.21,417.0,1,1,178.1,7.0,0.0,0.0,0.0,0.0,0.0,0.0,0.0,35.0,21.0,-,0.6,2.0,⛰️  Moy. montagne,0
2022-05-29,2022,rhone-alpes-isere-tour,stage,5.0,Metec - SOLARWATT p/b Mantel,0,2.2,,,0.0,,,,,,,0.0,9.0,3.0,0.0,0.0,5.0,133.42,119.0,14.7,0.0,0.0,0.0,128.0,2.69,1.56,0.707,0.193,0.303,0.0,0.0,0.0,4218.0,4178.0,1146.0,234.0,1.0,2.0,3.0,1.0,1.0,0.9311,0.9311,0.9311,0.8049,0.8049,0.1,-4.23,-4.46,19.0,0.43,1657.0,1,1,178.1,7.0,0.0,0.0,0.0,0.0,0.0,0.0,0.0,35.0,17.0,? km solo,0.6,2.0,⛰️  Moy. montagne,0
2022-06-02,2022,ronde-de-l-oise,stage,1.0,Metec - SOLARWATT p/b Mantel,0,2.2,,,0.0,,,,,,,0.0,3.0,3.0,0.0,0.0,1.0,146.39,146.0,0.0,0.143,0.0,0.0,140.0,2.24,0.0,3.54,0.0,0.0,0.0,0.0,0.0,1652.0,1646.0,164.0,31.0,10.0,0.0,0.0,0.0,0.0,0.9676,0.0,0.0,0.0,0.0,-0.7,-2.77,-1.8,118.0,0.16,485.0,1,0,0.0,7.0,0.0,0.0,0.0,0.0,0.0,0.0,0.0,28.0,23.0,-,0.6,2.0,⛰️  Moy. montagne,0
2022-06-03,2022,ronde-de-l-oise,stage,2.0,Metec - SOLARWATT p/b Mantel,0,2.2,,,0.0,,,,,,,0.0,3.0,3.0,0.0,0.0,2.0,205.17,192.0,13.3,0.0,0.0,0.0,198.0,3.67,0.347,3.55,0.0,0.0,0.0,0.196,0.0,1891.0,1969.0,191.0,34.0,7.0,0.0,0.0,0.0,0.0,0.9723,0.0,0.0,0.0,0.0,-1.5,-3.43,-2.58,83.0,-0.05,214.0,1,0,0.0,7.0,0.0,0.0,0.0,0.0,0.0,0.0,0.0,28.0,23.0,Sprint of large group,0.6,2.0,⛰️  Moy. montagne,0
2022-06-04,2022,ronde-de-l-oise,stage,3.0,Metec - SOLARWATT p/b Mantel,0,2.2,,,0.0,,,,,,,0.0,3.0,3.0,0.0,0.0,3.0,180.4,179.0,0.671,0.0,0.121,0.325,178.0,2.45,0.0,0.0,0.0,0.0,0.148,0.269,0.0,1433.0,1409.0,184.0,30.0,4.0,0.0,0.0,0.0,0.0,0.9391,0.0,0.0,0.0,0.0,0.5,0.03,-0.08,33.0,-0.02,353.0,1,0,0.0,7.0,0.0,0.0,0.0,0.0,0.0,0.0,0.0,28.0,27.0,Sprint of large group,12.2,1.0,🟢  Plat/Sprint,0
2022-06-05,2022,ronde-de-l-oise,stage,4.0,Metec - SOLARWATT p/b Mantel,0,2.2,,,0.0,,,,,,,0.0,3.0,3.0,0.0,0.0,4.0,174.82,160.0,14.6,0.0,0.0,0.0,165.0,3.26,0.0,5.33,0.0,0.0,0.163,1.44,0.0,1216.0,1181.0,172.0,32.0,5.0,0.0,0.0,0.0,0.0,0.9152,0.0,0.0,0.0,0.0,-2.2,-1.3,-1.02,24.0,0.04,370.0,1,0,0.0,7.0,0.0,0.0,0.0,0.0,0.0,0.0,0.0,28.0,20.0,Sprint of large group,10.8,1.0,🟢  Plat/Sprint,0
2022-06-08,2022,zlm-tour,stage,1.0,Metec - SOLARWATT p/b Mantel,1,2.Pro,FIN,44.0,0.0,36.0,3.0,,,,,0.0,3.0,3.0,0.0,0.0,1.0,101.36,86.0,4.27,11.3,0.0,0.0,33.9,8.87,0.0,9.33,0.0,0.0,49.5,0.0,0.0,175.0,174.0,11.0,-1.0,0.0,0.0,0.0,0.0,0.0,0.0,0.0,0.0,0.0,0.0,0.2,0.03,0.0,21.0,0.0,88.0,0,0,0.0,20.0,5.541,0.0,2.625,0.0,1.167,0.0,0.0,80.0,18.0,Sprint of large group,5.8,1.0,🟢  Plat/Sprint,0
2022-06-09,2022,zlm-tour,stage,2.0,Metec - SOLARWATT p/b Mantel,1,2.Pro,FIN,62.0,0.0,36.0,3.0,,,,,0.0,3.0,3.0,0.0,0.0,2.0,182.97,141.0,36.6,2.75,0.278,0.0,94.3,3.04,0.227,57.0,2.86,0.258,3.78,0.0,0.577,103.0,102.0,10.0,-2.0,0.0,0.0,0.0,0.0,0.0,0.0,0.0,0.0,0.0,0.0,0.0,-0.03,-0.04,37.0,0.01,37.0,0,1,101.36,20.0,0.177,0.0,0.0,0.0,0.0,0.0,0.0,80.0,19.0,Sprint of small group,1.8,1.0,🟢  Plat/Sprint,0
2022-06-10,2022,zlm-tour,stage,3.0,Metec - SOLARWATT p/b Mantel,1,2.Pro,FIN,54.0,0.0,36.0,3.0,,,,,0.0,3.0,3.0,0.0,0.0,3.0,192.27,158.0,28.1,3.31,0.815,0.0,82.1,7.13,0.0,73.9,2.18,0.0,2.43,0.883,0.0,1217.0,1214.0,289.0,22.0,3.0,1.0,0.0,0.0,0.0,0.6014,0.5351,0.0,0.0,0.0,0.2,-0.03,0.02,80.0,0.15,166.0,0,2,284.33,20.0,0.47,0.007,0.0,0.0,0.0,0.0,0.0,80.0,22.0,Sprint of large group,0.6,1.0,🟢  Plat/Sprint,0
2022-06-11,2022,zlm-tour,stage,4.0,Metec - SOLARWATT p/b Mantel,1,2.Pro,FIN,41.0,0.0,36.0,3.0,,,,,0.0,3.0,3.0,0.0,0.0,4.0,196.93,128.0,44.4,19.7,2.33,0.0,105.0,8.15,0.0,47.3,3.74,0.0,3.81,2.37,0.0,195.0,183.0,27.0,6.0,0.0,0.0,0.0,0.0,0.0,0.0,0.0,0.0,0.0,0.0,0.3,-0.03,-0.04,90.0,0.01,34.0,0,3,476.6,20.0,8.34,0.028,3.343,0.014,0.671,0.007,0.0,80.0,23.0,Sprint of large group,0.0,1.0,🟢  Plat/Sprint,0
2022-06-12,2022,zlm-tour,stage,5.0,Metec - SOLARWATT p/b Mantel,1,2.Pro,FIN,20.0,0.0,36.0,3.0,,,,,0.0,3.0,3.0,0.0,0.0,5.0,160.33,75.7,79.6,3.28,0.418,0.0,102.0,1.3,0.0,41.7,1.72,0.0,1.83,0.44,0.0,112.0,104.0,18.0,-1.0,0.0,0.0,0.0,0.0,0.0,0.0,0.0,0.0,0.0,0.0,-0.1,-0.03,0.0,48.0,0.02,31.0,0,4,673.53,20.0,0.0,0.0,0.0,0.0,0.0,0.0,0.0,80.0,21.0,Sprint of large group,0.0,1.0,🟢  Plat/Sprint,0
2022-06-17,2022,tour-du-pays-de-montbeliard,stage,1.0,Metec - SOLARWATT p/b Mantel,0,2.2,,,0.0,,,,,,,0.0,8.0,0.0,0.0,0.0,1.0,4.07,4.03,0.0,0.0,0.0,0.0,0.142,3.89,0.0,0.0,0.0,0.0,0.0,0.0,0.0,158.0,0.0,487.0,329.0,1.0,0.0,0.0,0.0,0.0,0.9899,0.0,0.0,0.0,0.0,4.7,4.83,3.88,158.0,3.88,158.0,0,5,833.86,7.0,0.0,0.0,0.0,0.0,0.0,0.0,0.0,12.0,,Time trial,0.0,1.0,🟢  Plat/Sprint,0
2022-06-18,2022,tour-du-pays-de-montbeliard,stage,2.0,Metec - SOLARWATT p/b Mantel,0,2.2,,,0.0,,,,,,,1.0,8.0,0.0,0.0,0.0,2.0,161.86,161.0,1.36,0.0,0.0,0.0,161.0,1.36,0.0,0.0,0.0,0.0,0.0,0.0,0.0,2863.0,2870.0,558.0,347.0,0.0,12.0,0.0,0.0,0.0,0.9656,0.9656,0.0,0.0,0.0,-0.4,-3.57,-4.02,39.0,0.38,943.0,0,5,833.86,7.0,0.0,0.0,0.0,0.0,0.0,0.0,0.0,12.0,30.0,Sprint of small group,0.6,2.0,⛰️  Moy. montagne,0
2022-06-19,2022,midden-brabant-poort-omloop,result,,Metec - SOLARWATT p/b Mantel,1,1.2,DNF,,0.0,,,,,,,30.0,30.0,0.0,0.0,0.0,,190.69,110.0,63.7,12.9,0.0,0.0,124.0,2.79,0.0,46.0,4.7,0.0,4.83,0.0,0.0,175.0,172.0,28.0,9.0,0.0,0.0,0.0,0.0,0.0,0.0,0.0,0.0,0.0,0.0,0.2,0.03,-0.06,14.0,0.0,42.0,1,5,833.86,40.0,5.457,0.0,2.066,0.0,1.349,0.0,0.0,8.0,17.0,-,0.0,1.0,🟢  Plat/Sprint,0
2022-06-19,2022,tour-du-pays-de-montbeliard,stage,3.0,Metec - SOLARWATT p/b Mantel,0,2.2,,,0.0,,,,,,,7.0,8.0,0.0,0.0,0.0,3.0,154.8,146.0,9.09,0.0,0.0,0.0,118.0,10.3,1.53,25.4,0.0,0.0,0.152,0.0,0.0,2176.0,2176.0,583.0,325.0,0.0,8.0,0.0,0.0,0.0,0.9445,0.9445,0.0,0.0,0.0,-0.3,-0.13,-1.82,2.0,0.47,814.0,0,5,833.86,7.0,0.0,0.0,0.0,0.0,0.0,0.0,0.0,12.0,31.0,57 km solo,0.8,2.0,⛰️  Moy. montagne,0
2022-06-22,2022,nc-netherlands-itt,result,,Metec - SOLARWATT p/b Mantel,0,NC,,,0.0,,,,,,,0.0,0.0,0.0,0.0,0.0,,,,,,,,,,,,,,,,,,,,,0.0,0.0,0.0,0.0,0.0,,,,,,,,,,,,1,6,1024.55,,,,,,,,,40.0,,Time trial,,,,0
2022-06-24,2022,nc-netherlands,result,,Metec - SOLARWATT p/b Mantel,0,NC,,,0.0,,,,,,,1.0,1.0,0.0,0.0,0.0,,,,,,,,,,,,,,,,,,,,,0.0,0.0,0.0,0.0,0.0,,,,,,,,,,,,1,6,1024.55,,,,,,,,,132.0,,Sprint à deux,,,,0
2022-07-10,2022,2-districtenpijl-ekeren-deurne-me,result,,Metec - SOLARWATT p/b Mantel,0,1.2,,,0.0,,,,,,,10.0,10.0,0.0,0.0,0.0,,138.27,69.7,56.9,7.85,0.946,0.0,14.0,27.4,0.0,59.3,0.237,0.0,2.23,0.392,0.946,193.0,193.0,6.0,0.0,0.0,0.0,0.0,0.0,0.0,0.0,0.0,0.0,0.0,0.0,-0.1,0.0,0.0,29.0,-0.0,62.0,1,4,740.22,40.0,0.0,0.0,0.0,0.0,0.0,0.0,0.0,11.0,21.0,-,6.0,1.0,🟢  Plat/Sprint,0
2022-07-30,2022,kreiz-breizh-elites,stage,2.0,Metec - SOLARWATT p/b Mantel,0,2.2,,,0.0,,,,,,,0.0,12.0,11.0,0.0,0.0,2.0,201.34,154.0,47.1,0.0,0.0,0.0,180.0,7.79,10.9,2.36,0.0,0.0,0.0,0.0,0.0,2519.0,2496.0,288.0,47.0,1.0,2.0,0.0,0.0,0.0,0.8348,0.8348,0.0,0.0,0.0,0.2,-0.33,-0.42,105.0,-0.06,646.0,0,0,0.0,7.0,0.0,0.0,0.0,0.0,0.0,0.0,0.0,26.0,,-,1.6,2.0,⛰️  Moy. montagne,0
2022-07-31,2022,kreiz-breizh-elites,stage,3.0,Metec - SOLARWATT p/b Mantel,0,2.2,,,0.0,,,,,,,0.0,12.0,11.0,0.0,0.0,3.0,186.63,181.0,5.6,0.0,0.0,0.0,172.0,13.3,1.4,0.392,0.0,0.0,0.0,0.0,0.0,2962.0,2984.0,248.0,38.0,10.0,1.0,0.0,0.0,0.0,0.9787,0.2831,0.0,0.0,0.0,2.1,0.5,1.24,195.0,0.05,553.0,0,0,0.0,7.0,0.0,0.0,0.0,0.0,0.0,0.0,0.0,26.0,,Sprint à deux,1.6,2.0,⛰️  Moy. montagne,0
2022-08-01,2022,kreiz-breizh-elites,stage,4.0,Metec - SOLARWATT p/b Mantel,0,2.2,,,0.0,,,,,,,1.0,12.0,11.0,0.0,0.0,4.0,178.75,139.0,39.2,0.0,0.0,0.0,165.0,14.0,0.0,0.0,0.0,0.0,0.102,0.0,0.0,2588.0,2457.0,282.0,100.0,11.0,1.0,0.0,0.0,0.0,0.999,0.1492,0.0,0.0,0.0,2.0,1.67,1.52,157.0,0.26,706.0,0,0,0.0,7.0,0.0,0.0,0.0,0.0,0.0,0.0,0.0,26.0,22.0,-,1.6,2.0,⛰️  Moy. montagne,0
2022-08-07,2022,gp-jef-scherens,result,,Metec - SOLARWATT p/b Mantel,0,1.1,,,0.0,,,,,,,3.0,3.0,0.0,0.0,0.0,,199.3,123.0,59.7,13.7,0.0,0.0,62.8,58.9,5.37,56.7,3.25,0.0,3.26,2.44,0.0,1895.0,1884.0,100.0,16.0,2.0,0.0,0.0,0.0,0.0,0.3972,0.0,0.0,0.0,0.0,-0.5,-0.23,-0.2,94.0,0.15,557.0,1,0,0.0,125.0,1.534,0.0,0.561,0.0,0.06,0.0,0.0,264.0,24.0,Sprint à deux,8.0,1.0,🟢  Plat/Sprint,0
2022-08-21,2022,schaal-schels,result,,Metec - SOLARWATT p/b Mantel,0,1.1,,,0.0,,,,,,,3.0,3.0,0.0,0.0,0.0,,127.08,0.0,0.0,0.0,0.0,0.0,0.0,0.0,0.0,0.0,0.0,0.0,0.0,0.0,0.0,86.6,86.6,4.0,1.0,0.0,0.0,0.0,0.0,0.0,0.0,0.0,0.0,0.0,0.0,-0.27,-0.03,-0.02,4.0,0.0,34.0,1,0,0.0,125.0,0.0,0.0,0.0,0.0,0.0,0.0,0.0,93.0,24.0,Sprint of large group,8.6,1.0,🟢  Plat/Sprint,0
2022-08-23,2022,gp-stad-zottegem,result,,Metec - SOLARWATT p/b Mantel,0,1.1,,,0.0,,,,,,,3.0,3.0,0.0,0.0,0.0,,,,,,,,,,,,,,,,,,,,,0.0,0.0,0.0,0.0,0.0,,,,,,,,,,,,1,0,0.0,,,,,,,,,292.0,26.0,Sprint of large group,,,,0
2022-08-28,2022,ronde-van-de-achterhoek,result,,Metec - SOLARWATT p/b Mantel,0,1.2,,,0.0,,,,,,,0.0,0.0,0.0,0.0,0.0,,204.16,132.0,26.5,24.6,4.29,15.1,121.0,5.02,4.93,42.3,2.38,0.0,3.03,19.3,0.0,550.0,556.0,80.0,8.0,0.0,0.0,0.0,0.0,0.0,0.0,0.0,0.0,0.0,0.0,0.2,0.03,0.06,47.0,0.0,138.0,1,0,0.0,40.0,0.0,0.973,0.0,0.0,0.0,0.0,0.0,22.0,22.0,Sprint of large group,9.2,1.0,🟢  Plat/Sprint,0
2022-09-08,2022,okolo-jiznich-cech,stage,1.0,Metec - SOLARWATT p/b Mantel,0,2.2,,,0.0,,,,,,,0.0,43.0,40.0,0.0,0.0,1.0,0.0,6.23,0.993,0.0,0.0,0.0,3.45,0.711,0.0,1.44,0.276,0.0,0.276,1.63,0.0,0.0,0.0,0.0,0.0,0.0,0.0,0.0,0.0,0.0,0.0,0.0,0.0,0.0,0.0,0.0,0.0,0.0,0.0,0.0,0.0,0,0,0.0,7.0,0.0,0.0,0.0,0.0,0.0,0.0,0.0,29.0,,Time trial,9.2,1.0,🟢  Plat/Sprint,0
2022-09-09,2022,okolo-jiznich-cech,stage,2.0,Metec - SOLARWATT p/b Mantel,0,2.2,,,0.0,,,,,,,0.0,43.0,40.0,0.0,0.0,2.0,0.0,128.0,15.6,0.0,0.0,0.0,137.0,5.99,0.0,0.0,0.0,0.0,0.0,0.0,0.0,0.0,0.0,0.0,0.0,0.0,0.0,0.0,0.0,0.0,0.0,0.0,0.0,0.0,0.0,0.0,0.0,0.0,0.0,0.0,0.0,0,0,0.0,7.0,0.0,0.0,0.0,0.0,0.0,0.0,0.0,29.0,19.0,Sprint of large group,3.2,1.0,🟢  Plat/Sprint,0
2022-09-10,2022,okolo-jiznich-cech,stage,3.0,Metec - SOLARWATT p/b Mantel,0,2.2,,,0.0,,,,,,,0.0,43.0,40.0,0.0,0.0,3.0,0.0,148.0,7.56,1.3,0.259,0.0,150.0,5.09,0.0,0.137,1.79,0.0,2.13,2.61,0.0,0.0,0.0,0.0,0.0,0.0,0.0,0.0,0.0,0.0,0.0,0.0,0.0,0.0,0.0,0.0,0.0,0.0,0.0,0.0,0.0,0,0,0.0,7.0,0.0,0.0,0.0,0.0,0.0,0.0,0.0,29.0,17.0,Sprint of large group,1.2,1.0,🟢  Plat/Sprint,0
2022-09-11,2022,okolo-jiznich-cech,stage,4.0,Metec - SOLARWATT p/b Mantel,0,2.2,,,0.0,,,,,,,3.0,43.0,40.0,0.0,0.0,4.0,0.0,160.0,7.96,1.14,0.0,0.0,157.0,12.1,0.148,0.316,0.609,0.0,0.935,0.461,0.0,0.0,0.0,0.0,0.0,0.0,0.0,0.0,0.0,0.0,0.0,0.0,0.0,0.0,0.0,0.0,0.0,0.0,0.0,0.0,0.0,0,0,0.0,7.0,0.0,0.0,0.0,0.0,0.0,0.0,0.0,29.0,15.0,Sprint of large group,1.8,2.0,⛰️  Moy. montagne,0
2022-09-17,2022,grote-prijs-rik-van-looy,result,,Metec - SOLARWATT p/b Mantel,0,1.2,,,0.0,,,,,,,0.0,0.0,0.0,0.0,0.0,,190.58,78.3,98.4,12.6,0.0,0.159,70.2,23.7,0.968,81.2,0.918,0.0,1.14,0.159,0.0,340.0,331.0,20.0,5.0,0.0,0.0,0.0,0.0,0.0,0.0,0.0,0.0,0.0,0.0,-0.1,-0.03,-0.06,28.0,0.0,76.0,0,0,0.0,40.0,3.224,0.015,2.393,0.008,0.827,0.008,0.0,10.0,14.0,Sprint of small group,0.6,1.0,🟢  Plat/Sprint,0
2022-09-18,2022,gooikse-pijl,result,,Metec - SOLARWATT p/b Mantel,0,1.1,,,0.0,,,,,,,3.0,3.0,0.0,0.0,0.0,,198.83,100.0,98.9,0.0,0.0,0.0,112.0,0.0,0.0,87.2,0.0,0.0,0.0,0.0,0.0,1838.0,1855.0,95.0,26.0,0.0,0.0,0.0,0.0,0.0,0.0,0.0,0.0,0.0,0.0,0.2,-0.13,0.0,125.0,0.03,451.0,1,0,0.0,125.0,0.0,0.0,0.0,0.0,0.0,0.0,0.0,296.0,15.0,Sprint of large group,0.0,1.0,🟢  Plat/Sprint,0
2022-09-21,2022,omloop-van-het-houtland-lichtervelde,result,,Metec - SOLARWATT p/b Mantel,0,1.1,,,0.0,,,,,,,0.0,0.0,0.0,0.0,0.0,,196.39,79.6,108.0,7.85,0.0,0.0,112.0,26.8,0.0,52.1,0.0,0.0,0.826,0.0,0.0,391.0,376.0,46.0,2.0,0.0,0.0,0.0,0.0,0.0,0.0,0.0,0.0,0.0,0.0,-0.1,0.17,0.14,30.0,-0.01,59.0,0,0,0.0,125.0,2.651,0.0,0.925,0.0,0.343,0.0,0.0,290.0,18.0,Sprint of large group,0.6,1.0,🟢  Plat/Sprint,0
2022-10-02,2022,famenne-ardenne-classic,result,,Metec - SOLARWATT p/b Mantel,0,1.1,,,0.0,,,,,,,0.0,0.0,0.0,0.0,0.0,,188.28,178.0,9.16,0.957,0.0,0.0,135.0,9.66,31.1,6.61,0.339,0.0,0.474,0.0,0.0,2873.0,2847.0,565.0,192.0,1.0,5.0,2.0,0.0,0.0,0.9269,0.9269,0.3706,0.0,0.0,2.2,-1.03,-0.56,109.0,0.39,783.0,1,0,0.0,125.0,0.703,0.0,0.234,0.0,0.234,0.0,0.0,296.0,12.0,Sprint of small group,2.2,2.0,⛰️  Moy. montagne,0
2022-10-03,2022,munsterland-giro,result,,Metec - SOLARWATT p/b Mantel,0,1.Pro,,,0.0,,,,,,,10.0,10.0,0.0,0.0,0.0,,208.45,180.0,13.5,12.2,0.0,0.286,130.0,9.78,1.72,39.0,2.33,0.0,2.52,0.774,0.608,787.0,784.0,156.0,41.0,1.0,0.0,0.0,0.0,0.0,0.2273,0.0,0.0,0.0,0.0,-0.4,0.03,-0.06,24.0,0.19,235.0,0,0,0.0,200.0,11.559,0.0,10.351,0.0,5.085,0.0,0.0,221.0,16.0,Sprint of large group,0.6,1.0,🟢  Plat/Sprint,0
2022-10-09,2022,memorial-rik-van-steenbergen,result,,Metec - SOLARWATT p/b Mantel,0,1.1,,,0.0,,,,,,,0.0,0.0,0.0,0.0,0.0,,174.62,51.9,115.0,7.11,0.321,0.268,39.4,57.4,0.0,47.1,0.0,0.0,0.245,0.616,0.0,205.2,204.8,39.6,13.0,0.0,0.0,0.0,0.0,0.0,0.0,0.0,0.0,0.0,0.0,-0.98,-0.25,-0.17,2.0,0.02,55.2,1,0,0.0,125.0,0.0,0.0,0.0,0.0,0.0,0.0,0.0,120.0,17.0,Sprint of large group,2.6,1.0,🟢  Plat/Sprint,0
2023-03-04,2023,ster-van-zwolle,result,,Metec - SOLARWATT p/b Mantel,1,1.2,FIN,93.0,0.0,,,,,,,3.0,3.0,0.0,0.0,0.0,,179.92,137.0,23.0,15.1,1.32,0.376,111.0,2.14,2.01,43.6,3.62,0.0,4.39,1.38,1.23,305.0,305.0,45.0,-2.0,0.0,0.0,0.0,0.0,0.0,0.0,0.0,0.0,0.0,0.0,0.1,0.03,0.06,16.0,0.0,98.0,0,0,0.0,40.0,0.86,0.864,0.176,0.864,0.141,0.864,0.0,17.0,7.0,Sprint of small group,2.6,1.0,🟢  Plat/Sprint,0
2023-03-05,2023,grote-prijs-jean-pierre-monsere,result,,Metec - SOLARWATT p/b Mantel,0,1.1,,,0.0,,,,,,,0.0,0.0,0.0,0.0,0.0,,198.76,113.0,72.9,6.0,0.0,0.0,86.0,16.8,0.692,79.1,4.21,0.0,7.13,0.0,0.0,603.0,608.0,48.0,3.0,0.0,0.0,0.0,0.0,0.0,0.0,0.0,0.0,0.0,0.0,-0.1,-0.13,-0.12,33.0,-0.01,134.0,1,1,179.92,125.0,1.797,0.0,0.468,0.0,0.468,0.0,0.0,143.0,5.0,Sprint of large group,3.2,1.0,🟢  Plat/Sprint,0
2023-03-12,2023,dorpenomloop-rucphen,result,,Metec - SOLARWATT p/b Mantel,0,1.2,,,0.0,,,,,,,0.0,0.0,0.0,0.0,0.0,,176.44,102.0,65.5,1.06,1.54,0.0,90.2,2.05,0.0,49.7,5.96,0.0,7.01,1.54,0.0,225.0,226.0,27.0,4.0,0.0,0.0,0.0,0.0,0.0,0.0,0.0,0.0,0.0,0.0,0.0,-0.1,-0.08,24.0,-0.0,50.0,1,1,179.92,40.0,0.0,0.201,0.0,0.067,0.0,0.067,0.0,11.0,11.0,Sprint of small group,2.6,1.0,🟢  Plat/Sprint,0
2023-03-12,2023,ronde-van-drenthe,result,,Metec - SOLARWATT p/b Mantel,1,1.1,FIN,83.0,0.0,,,,,,,5.0,5.0,0.0,0.0,0.0,,142.95,76.8,50.8,11.9,0.656,0.0,85.6,6.77,0.0,35.7,1.21,0.0,3.44,1.07,0.395,234.0,249.0,37.0,5.0,0.0,0.0,0.0,0.0,0.0,0.0,0.0,0.0,0.0,0.0,0.1,0.07,0.04,39.0,-0.02,77.0,0,1,179.92,125.0,1.482,0.0,0.905,0.0,0.884,0.0,0.0,137.0,6.0,1.9 km solo,2.6,1.0,🟢  Plat/Sprint,0
2023-03-22,2023,olympias-tour,stage,1.0,Metec - SOLARWATT p/b Mantel,1,2.2,FIN,8.0,0.0,,,,,,,0.0,0.0,0.0,0.0,0.0,1.0,9.08,0.823,0.0,0.0,0.5,0.0,0.0,0.823,0.0,0.0,7.97,0.0,7.97,0.0,0.5,4.0,5.0,12.0,10.0,0.0,0.0,0.0,0.0,0.0,0.0,0.0,0.0,0.0,0.0,0.0,0.03,0.02,3.0,-0.01,4.0,0,2,322.87,7.0,0.0,0.0,0.0,0.0,0.0,0.0,0.0,22.0,10.0,Time trial,1.6,1.0,🟢  Plat/Sprint,0
2023-03-23,2023,olympias-tour,stage,2.0,Metec - SOLARWATT p/b Mantel,1,2.2,FIN,92.0,0.0,,,,,,,0.0,0.0,0.0,0.0,0.0,2.0,157.54,104.0,25.2,24.3,1.62,0.0,118.0,0.646,1.01,15.1,3.08,0.103,3.57,2.38,0.0,305.0,304.0,26.0,0.0,0.0,0.0,0.0,0.0,0.0,0.0,0.0,0.0,0.0,0.0,0.1,0.03,0.0,24.0,-0.01,89.0,0,3,331.95,7.0,5.605,0.094,0.523,0.0,0.523,0.0,0.0,22.0,14.0,Sprint of small group,1.6,1.0,🟢  Plat/Sprint,0
2023-03-24,2023,olympias-tour,stage,3.0,Metec - SOLARWATT p/b Mantel,1,2.2,DNS,,0.0,,,,,,,0.0,0.0,0.0,0.0,0.0,3.0,178.07,140.0,17.9,17.0,1.23,0.0,107.0,2.41,0.576,37.4,1.51,0.0,3.0,0.604,0.996,492.0,491.0,73.0,3.0,0.0,0.0,0.0,0.0,0.0,0.0,0.0,0.0,0.0,0.0,-0.5,0.17,0.06,27.0,-0.0,79.0,0,4,489.49,7.0,1.717,0.0,0.811,0.0,0.021,0.0,0.0,22.0,13.0,Sprint of large group,1.0,1.0,🟢  Plat/Sprint,0
2023-03-25,2023,olympias-tour,stage,4.0,Metec - SOLARWATT p/b Mantel,0,2.2,,,0.0,,,,,,,0.0,0.0,0.0,0.0,0.0,4.0,163.83,127.0,30.0,3.49,1.02,0.0,70.0,4.81,5.6,52.9,2.47,0.263,3.69,1.01,0.327,519.0,536.0,110.0,3.0,1.0,0.0,0.0,0.0,0.0,0.418,0.0,0.0,0.0,0.0,-0.6,0.0,0.02,22.0,-0.03,99.0,0,5,667.56,7.0,0.081,0.0,0.0,0.0,0.0,0.0,0.0,22.0,11.0,2.5 km solo,1.0,1.0,🟢  Plat/Sprint,0
2023-03-26,2023,olympias-tour,stage,5.0,Metec - SOLARWATT p/b Mantel,0,2.2,,,0.0,,,,,,,0.0,0.0,0.0,0.0,0.0,5.0,175.4,152.0,16.1,2.14,0.0,0.0,109.0,8.62,0.0,33.5,4.2,0.0,4.93,0.143,0.0,1712.0,1712.0,219.0,42.0,3.0,1.0,0.0,0.0,0.0,0.8747,0.2213,0.0,0.0,0.0,1.2,1.0,0.96,94.0,0.15,574.0,0,5,667.56,7.0,0.712,0.0,0.356,0.0,0.356,0.0,0.0,22.0,8.0,Sprint of small group,1.0,1.0,🟢  Plat/Sprint,0
2023-04-01,2023,volta-nxt-classic,result,,Metec - SOLARWATT p/b Mantel,0,1.1,,,0.0,,,,,,,13.0,13.0,0.0,0.0,0.0,,193.75,170.0,21.3,2.71,0.0,0.0,127.0,8.38,0.0,46.6,0.0,0.0,12.2,0.0,0.0,2738.0,2732.0,292.0,48.0,4.0,4.0,0.0,0.0,0.0,0.8373,0.8193,0.0,0.0,0.0,0.8,0.2,0.04,28.0,0.42,765.0,1,5,667.56,125.0,1.102,0.0,1.074,0.0,0.654,0.0,0.0,89.0,9.0,Sprint à deux,0.8,2.0,⛰️  Moy. montagne,0
2023-04-06,2023,circuit-des-ardennes,stage,1.0,Metec - SOLARWATT p/b Mantel,0,2.2,,,0.0,,,,,,,0.0,0.0,0.0,0.0,0.0,1.0,89.79,78.2,11.4,0.0,0.0,0.0,75.0,3.64,10.3,0.643,0.216,0.0,0.216,0.0,0.0,1006.0,1004.0,309.0,145.0,4.0,1.0,0.0,0.0,0.0,0.9189,0.9189,0.0,0.0,0.0,0.0,-0.1,-0.68,35.0,0.01,494.0,1,4,487.64,7.0,0.0,0.0,0.0,0.0,0.0,0.0,0.0,32.0,8.0,Sprint of large group,0.0,1.0,🟢  Plat/Sprint,0
2023-04-07,2023,circuit-des-ardennes,stage,2.0,Metec - SOLARWATT p/b Mantel,0,2.2,,,0.0,,,,,,,0.0,0.0,0.0,0.0,0.0,2.0,185.49,164.0,21.4,0.0,0.0,0.0,174.0,2.75,9.25,0.0,0.0,0.0,0.0,0.0,0.0,2589.0,2520.0,313.0,83.0,6.0,1.0,0.0,0.0,0.0,0.95,0.6421,0.0,0.0,0.0,-1.0,-1.13,0.28,118.0,0.1,673.0,1,4,487.64,7.0,0.0,0.0,0.0,0.0,0.0,0.0,0.0,32.0,11.0,2 km solo,3.4,2.0,⛰️  Moy. montagne,0
2023-04-08,2023,circuit-des-ardennes,stage,3.0,Metec - SOLARWATT p/b Mantel,0,2.2,,,0.0,,,,,,,0.0,0.0,0.0,0.0,0.0,3.0,169.73,140.0,29.5,0.0,0.0,0.0,151.0,3.8,14.2,1.22,0.0,0.0,0.265,0.159,0.0,2805.0,2714.0,492.0,100.0,1.0,1.0,4.0,0.0,0.0,0.8888,0.8888,0.8888,0.0,0.0,6.9,1.47,-0.42,79.0,0.62,774.0,1,4,487.64,7.0,0.0,0.0,0.0,0.0,0.0,0.0,0.0,32.0,9.0,-,3.4,2.0,⛰️  Moy. montagne,0
2023-04-09,2023,circuit-des-ardennes,stage,4.0,Metec - SOLARWATT p/b Mantel,0,2.2,,,0.0,,,,,,,0.0,0.0,0.0,0.0,0.0,4.0,138.85,130.0,7.52,1.48,0.0,0.0,123.0,5.97,6.29,3.21,0.0,0.0,0.0,0.389,0.0,1807.0,1826.0,335.0,140.0,5.0,2.0,0.0,0.0,0.0,0.9393,0.8585,0.0,0.0,0.0,0.1,0.03,0.24,64.0,-0.03,542.0,1,4,487.64,7.0,1.382,0.0,0.427,0.0,0.427,0.0,0.0,32.0,14.0,-,3.2,2.0,⛰️  Moy. montagne,0
2023-04-12,2023,tour-du-loir-et-cher,stage,1.0,Metec - SOLARWATT p/b Mantel,0,2.2,,,0.0,,,,,,,7.0,47.0,40.0,0.0,0.0,1.0,162.45,128.0,34.3,0.0,0.0,0.0,126.0,6.57,26.6,2.98,0.0,0.0,0.0,0.0,0.0,1069.0,1085.0,143.0,58.0,0.0,0.0,0.0,0.0,0.0,0.0,0.0,0.0,0.0,0.0,2.3,0.8,0.48,35.0,0.02,459.0,0,3,344.69,7.0,0.0,0.0,0.0,0.0,0.0,0.0,0.0,19.0,11.0,-,0.0,1.0,🟢  Plat/Sprint,0
2023-04-13,2023,tour-du-loir-et-cher,stage,2.0,Metec - SOLARWATT p/b Mantel,0,2.2,,,0.0,,,,,,,0.0,47.0,40.0,0.0,0.0,2.0,169.96,167.0,2.75,0.0,0.0,0.0,167.0,0.844,0.688,1.39,0.0,0.0,0.0,0.0,0.0,621.0,612.0,155.0,71.0,1.0,0.0,0.0,0.0,0.0,0.6285,0.0,0.0,0.0,0.0,0.3,0.0,-0.06,25.0,-0.02,276.0,0,3,344.69,7.0,0.0,0.0,0.0,0.0,0.0,0.0,0.0,19.0,12.0,Sprint of large group,1.4,1.0,🟢  Plat/Sprint,0
2023-04-14,2023,tour-du-loir-et-cher,stage,3.0,Metec - SOLARWATT p/b Mantel,0,2.2,,,0.0,,,,,,,0.0,47.0,40.0,0.0,0.0,3.0,181.68,164.0,17.3,0.0,0.0,0.0,169.0,9.73,0.662,2.31,0.0,0.0,0.0,0.0,0.0,1475.0,1465.0,212.0,75.0,6.0,0.0,0.0,0.0,0.0,0.9259,0.0,0.0,0.0,0.0,2.5,0.23,-0.24,66.0,0.14,371.0,0,3,344.69,7.0,0.0,0.0,0.0,0.0,0.0,0.0,0.0,19.0,9.0,-,1.4,1.0,🟢  Plat/Sprint,0
2023-04-15,2023,arno-wallaard-memorial,result,,Metec - SOLARWATT p/b Mantel,0,1.2,,,0.0,,,,,,,0.0,0.0,0.0,0.0,0.0,,187.89,143.0,35.8,8.32,0.0,0.0,154.0,3.85,0.536,12.7,0.984,0.0,1.03,0.0,0.0,128.0,129.0,6.0,-2.0,0.0,0.0,0.0,0.0,0.0,0.0,0.0,0.0,0.0,0.0,0.0,0.03,-0.02,13.0,-0.0,26.0,1,3,344.69,40.0,3.127,0.0,1.925,0.0,0.843,0.0,0.0,15.0,13.0,23 km solo,1.4,1.0,🟢  Plat/Sprint,0
2023-04-15,2023,tour-du-loir-et-cher,stage,4.0,Metec - SOLARWATT p/b Mantel,0,2.2,,,0.0,,,,,,,0.0,47.0,40.0,0.0,0.0,4.0,199.21,190.0,8.59,0.0,0.145,0.0,193.0,0.247,5.38,0.669,0.0,0.0,0.0,0.145,0.0,740.0,763.0,138.0,87.0,0.0,0.0,0.0,0.0,0.0,0.0,0.0,0.0,0.0,0.0,-0.3,-0.1,-0.14,51.0,-0.0,155.0,0,3,344.69,7.0,0.0,0.0,0.0,0.0,0.0,0.0,0.0,19.0,10.0,-,1.4,1.0,🟢  Plat/Sprint,0
2023-04-16,2023,tour-du-loir-et-cher,stage,5.0,Metec - SOLARWATT p/b Mantel,0,2.2,,,0.0,,,,,,,0.0,47.0,40.0,0.0,0.0,5.0,96.6,95.4,0.0,2.2,0.0,0.0,42.5,15.3,15.3,19.5,0.0,0.0,0.3,5.25,0.0,649.0,651.0,107.0,65.0,0.0,0.0,0.0,0.0,0.0,0.0,0.0,0.0,0.0,0.0,3.5,1.2,0.7,84.0,-0.07,315.0,0,3,344.69,7.0,0.87,0.008,0.338,0.0,0.169,0.0,0.0,19.0,15.0,-,1.4,1.0,🟢  Plat/Sprint,0
2023-05-06,2023,ronde-van-overijssel,result,,Metec - SOLARWATT p/b Mantel,0,1.2,,,0.0,,,,,,,0.0,0.0,0.0,0.0,0.0,,201.32,169.0,12.1,18.5,0.512,0.0,145.0,1.53,3.02,37.7,1.78,0.0,2.19,0.681,0.327,738.0,723.0,82.0,5.0,0.0,0.0,0.0,0.0,0.0,0.0,0.0,0.0,0.0,0.0,-0.2,-0.3,0.1,45.0,0.04,150.0,0,0,0.0,40.0,8.37,0.0,0.0,0.0,0.0,0.0,0.0,20.0,19.0,-,0.0,1.0,🟢  Plat/Sprint,0
2023-05-07,2023,fleche-ardennaise,result,,Metec - SOLARWATT p/b Mantel,0,1.2,,,0.0,,,,,,,0.0,0.0,0.0,0.0,0.0,,172.65,149.0,21.0,2.28,0.0,0.0,148.0,4.48,18.0,2.58,0.0,0.0,0.0,0.0,0.0,3575.0,3577.0,563.0,188.0,8.0,8.0,1.0,0.0,0.0,0.9371,0.9371,0.9371,0.0,0.0,-1.2,-1.57,-3.24,48.0,0.29,991.0,1,0,0.0,40.0,1.496,0.0,0.87,0.0,0.275,0.0,0.0,18.0,17.0,Sprint à deux,2.6,2.0,⛰️  Moy. montagne,0
2023-05-20,2023,veenendaal-veenendaal,result,,Metec - SOLARWATT p/b Mantel,1,1.1,FIN,118.0,0.0,,,,,,,0.0,0.0,0.0,0.0,0.0,,136.47,100.0,29.2,6.77,0.0,0.0,80.4,0.54,2.43,38.9,0.0,0.0,0.474,0.148,0.0,460.0,458.0,51.0,3.0,0.0,0.0,0.0,0.0,0.0,0.0,0.0,0.0,0.0,0.0,0.2,0.13,0.02,48.0,0.0,132.0,0,0,0.0,125.0,2.485,0.0,1.212,0.0,0.01,0.0,0.0,144.0,20.0,Sprint of large group,0.0,1.0,🟢  Plat/Sprint,0
2023-05-24,2023,rhone-alpes-isere-tour,stage,1.0,Metec - SOLARWATT p/b Mantel,0,2.2,,,0.0,,,,,,,7.0,7.0,0.0,0.0,0.0,1.0,146.14,143.0,3.16,0.0,0.0,0.0,139.0,0.0,3.84,3.54,0.233,0.0,0.233,0.0,0.0,1166.0,1177.0,410.0,190.0,2.0,2.0,0.0,0.0,0.0,0.8083,0.7168,0.0,0.0,0.0,0.1,0.03,0.02,16.0,0.02,408.0,1,1,136.47,7.0,0.0,0.0,0.0,0.0,0.0,0.0,0.0,22.0,20.0,-,0.0,1.0,🟢  Plat/Sprint,0
2023-05-25,2023,rhone-alpes-isere-tour,stage,2.0,Metec - SOLARWATT p/b Mantel,0,2.2,,,0.0,,,,,,,0.0,7.0,0.0,0.0,0.0,2.0,144.74,121.0,24.1,0.0,0.0,0.0,144.0,0.0,0.21,0.647,0.0,0.0,0.0,0.0,0.0,2079.0,2128.0,655.0,232.0,4.0,2.0,1.0,0.0,0.0,0.9322,0.5074,0.329,0.0,0.0,1.2,-0.23,1.06,77.0,0.48,976.0,1,1,136.47,7.0,0.0,0.0,0.0,0.0,0.0,0.0,0.0,22.0,16.0,-,2.6,2.0,⛰️  Moy. montagne,0
2023-05-26,2023,rhone-alpes-isere-tour,stage,3.0,Metec - SOLARWATT p/b Mantel,0,2.2,,,0.0,,,,,,,0.0,7.0,0.0,0.0,0.0,3.0,175.81,158.0,16.5,0.176,0.0,0.0,159.0,2.66,0.633,13.3,0.0,0.0,0.638,0.0,0.0,1262.0,1295.0,365.0,207.0,4.0,0.0,0.0,0.0,0.0,0.7184,0.0,0.0,0.0,0.0,-1.1,-1.2,-0.4,44.0,-0.02,410.0,1,1,136.47,7.0,0.0,0.0,0.0,0.0,0.0,0.0,0.0,22.0,23.0,-,1.4,1.0,🟢  Plat/Sprint,0
2023-05-27,2023,rhone-alpes-isere-tour,stage,4.0,Metec - SOLARWATT p/b Mantel,0,2.2,,,0.0,,,,,,,0.0,7.0,0.0,0.0,0.0,4.0,182.8,165.0,17.9,0.0,0.0,0.0,173.0,1.77,2.65,5.43,0.0,0.0,0.127,0.127,0.0,3105.0,3294.0,1292.0,145.0,7.0,1.0,1.0,0.0,1.0,0.9641,0.6743,0.3797,0.3797,0.3797,0.9,-0.13,-0.74,25.0,-0.08,694.0,1,1,136.47,7.0,0.0,0.0,0.0,0.0,0.0,0.0,0.0,22.0,25.0,8 km solo,0.0,2.0,⛰️  Moy. montagne,0
2023-05-28,2023,rhone-alpes-isere-tour,stage,5.0,Metec - SOLARWATT p/b Mantel,0,2.2,,,0.0,,,,,,,0.0,7.0,0.0,0.0,0.0,5.0,160.82,158.0,2.38,0.0,0.221,0.0,134.0,1.69,11.7,12.4,0.175,0.231,0.175,0.221,0.0,4841.0,4499.0,1324.0,274.0,3.0,1.0,2.0,2.0,1.0,0.9999,0.9362,0.9362,0.9362,0.9362,8.1,0.0,-2.0,89.0,1.0,1585.0,1,1,136.47,7.0,0.0,0.0,0.0,0.0,0.0,0.0,0.0,22.0,23.0,12 km solo,0.0,3.0,🏔️  Haute montagne,0
2023-05-29,2023,ronde-van-limburg,result,,Metec - SOLARWATT p/b Mantel,1,1.1,FIN,106.0,0.0,,,,,,,3.0,3.0,0.0,0.0,0.0,,204.09,121.0,68.8,13.3,0.209,0.0,84.2,8.95,8.53,78.4,0.807,0.168,1.21,1.96,0.0,1579.0,1532.0,123.0,34.0,3.0,0.0,0.0,0.0,0.0,0.9096,0.0,0.0,0.0,0.0,2.6,0.33,0.44,126.0,0.07,306.0,0,1,136.47,125.0,3.365,0.008,0.0,0.0,0.0,0.0,0.0,98.0,19.0,Sprint of large group,1.4,1.0,🟢  Plat/Sprint,0
2023-06-01,2023,ronde-de-l-oise,stage,1.0,Metec - SOLARWATT p/b Mantel,0,2.2,,,0.0,,,,,,,0.0,-24.0,0.0,0.0,0.0,1.0,147.11,145.0,1.61,0.0,0.0,0.0,140.0,3.85,0.0,0.556,0.0,0.0,0.131,2.32,0.0,1301.0,1311.0,181.0,42.0,6.0,0.0,0.0,0.0,0.0,0.9277,0.0,0.0,0.0,0.0,5.6,1.73,0.38,97.0,-0.09,228.0,0,2,340.56,7.0,0.0,0.0,0.0,0.0,0.0,0.0,0.0,18.0,24.0,-,2.0,1.0,🟢  Plat/Sprint,0
2023-06-02,2023,ronde-de-l-oise,stage,2.0,Metec - SOLARWATT p/b Mantel,0,2.2,,,0.0,,,,,,,1.0,-24.0,0.0,0.0,0.0,2.0,185.13,175.0,9.83,0.177,0.0,0.0,164.0,1.24,19.5,0.223,0.0,0.0,0.0,0.0,0.0,1427.0,1472.0,193.0,33.0,5.0,0.0,0.0,0.0,0.0,0.8211,0.0,0.0,0.0,0.0,-4.0,-2.23,-0.88,61.0,0.01,427.0,0,2,340.56,7.0,0.0,0.0,0.0,0.0,0.0,0.0,0.0,18.0,17.0,-,2.0,1.0,🟢  Plat/Sprint,0
2023-06-03,2023,heist-op-den-berg,result,,Metec - SOLARWATT p/b Mantel,0,1.1,,,0.0,,,,,,,0.0,0.0,0.0,0.0,0.0,,199.77,76.0,117.0,4.78,0.164,0.0,5.89,19.2,0.825,147.0,1.98,0.0,2.12,0.0,0.164,515.0,511.0,43.0,3.0,0.0,0.0,0.0,0.0,0.0,0.0,0.0,0.0,0.0,0.0,-1.9,0.33,0.22,50.0,-0.01,72.0,1,2,340.56,125.0,1.761,0.0,0.443,0.0,0.443,0.0,0.0,201.0,23.0,Sprint of small group,2.2,1.0,🟢  Plat/Sprint,0
2023-06-03,2023,ronde-de-l-oise,stage,3.0,Metec - SOLARWATT p/b Mantel,0,2.2,,,0.0,,,,,,,-15.0,-24.0,0.0,0.0,0.0,3.0,192.35,169.0,23.0,0.192,0.0,0.0,174.0,10.8,5.45,1.91,0.0,0.0,0.199,0.202,0.0,1327.0,1374.0,217.0,26.0,4.0,0.0,0.0,0.0,0.0,0.7493,0.0,0.0,0.0,0.0,0.0,-0.3,0.0,45.0,-0.06,489.0,0,2,340.56,7.0,0.0,0.0,0.0,0.0,0.0,0.0,0.0,18.0,23.0,-,0.8,1.0,🟢  Plat/Sprint,0
2023-06-04,2023,ronde-de-l-oise,stage,4.0,Metec - SOLARWATT p/b Mantel,0,2.2,,,0.0,,,,,,,-10.0,-24.0,0.0,0.0,0.0,4.0,160.88,160.0,0.24,0.214,0.0,0.0,156.0,2.29,0.0,2.14,0.0,0.0,0.0,0.344,0.0,1431.0,1468.0,162.0,32.0,9.0,0.0,0.0,0.0,0.0,0.9685,0.0,0.0,0.0,0.0,-0.6,-2.73,-1.8,117.0,0.0,324.0,0,2,340.56,7.0,0.0,0.0,0.0,0.0,0.0,0.0,0.0,18.0,23.0,18 km solo,-2.2,1.0,🟢  Plat/Sprint,0
2023-06-07,2023,zlm-tour,prologue,,Metec - SOLARWATT p/b Mantel,1,2.Pro,FIN,13.0,0.0,92.0,0.0,,,,,0.0,3.0,3.0,0.0,0.0,,6.57,3.64,1.57,0.571,0.0,0.0,4.82,0.0,0.0,0.178,0.803,0.0,0.841,0.0,0.0,5.0,6.0,2.0,-1.0,0.0,0.0,0.0,0.0,0.0,0.0,0.0,0.0,0.0,0.0,0.0,0.0,-0.02,5.0,-0.02,5.0,0,2,340.56,20.0,0.0,0.0,0.0,0.0,0.0,0.0,0.0,,,,0.0,0.0,⏱️  CLM,0
2023-06-08,2023,zlm-tour,stage,1.0,Metec - SOLARWATT p/b Mantel,1,2.Pro,FIN,105.0,0.0,92.0,0.0,,,,,0.0,3.0,3.0,0.0,0.0,1.0,201.79,150.0,48.3,1.17,0.338,0.0,121.0,3.09,0.0,35.9,2.09,0.0,3.43,0.305,0.46,190.0,194.0,10.0,-10.0,0.0,0.0,0.0,0.0,0.0,0.0,0.0,0.0,0.0,0.0,0.2,0.07,0.04,18.0,-0.02,67.0,0,3,347.13,20.0,0.0,0.0,0.0,0.0,0.0,0.0,0.0,122.0,22.0,1.5 km solo,-4.8,1.0,🟢  Plat/Sprint,0
2023-06-09,2023,zlm-tour,stage,2.0,Metec - SOLARWATT p/b Mantel,1,2.Pro,FIN,85.0,0.0,92.0,0.0,,,,,0.0,3.0,3.0,0.0,0.0,2.0,183.87,125.0,51.1,5.29,0.665,0.0,103.0,8.83,0.0,27.7,1.94,0.0,2.22,0.665,0.156,326.0,303.0,54.0,8.0,0.0,0.0,0.0,0.0,0.0,0.0,0.0,0.0,0.0,0.0,0.1,0.03,0.02,54.0,0.02,67.0,0,4,548.92,20.0,0.067,0.0,0.0,0.0,0.0,0.0,0.0,122.0,28.0,Sprint of large group,-4.8,1.0,🟢  Plat/Sprint,0
2023-06-10,2023,zlm-tour,stage,3.0,Metec - SOLARWATT p/b Mantel,1,2.Pro,FIN,103.0,0.0,92.0,0.0,,,,,0.0,3.0,3.0,0.0,0.0,3.0,193.96,103.0,84.8,5.36,0.26,0.179,130.0,4.76,0.38,37.1,0.703,0.0,1.47,0.306,0.147,218.0,218.0,24.0,-10.0,0.0,0.0,0.0,0.0,0.0,0.0,0.0,0.0,0.0,0.0,0.0,0.07,0.02,27.0,-0.0,53.0,0,5,732.79,20.0,0.0,0.0,0.0,0.0,0.0,0.0,0.0,122.0,30.0,Sprint of large group,-5.0,1.0,🟢  Plat/Sprint,0
2023-06-11,2023,zlm-tour,stage,4.0,Metec - SOLARWATT p/b Mantel,1,2.Pro,FIN,80.0,0.0,92.0,0.0,,,,,0.0,3.0,3.0,0.0,0.0,4.0,158.32,112.0,41.8,3.35,0.0,0.0,76.9,1.51,0.0,43.9,1.07,0.0,1.77,0.117,0.0,158.0,156.0,16.0,0.0,0.0,0.0,0.0,0.0,0.0,0.0,0.0,0.0,0.0,0.0,0.1,0.0,0.0,15.0,-0.01,46.0,0,6,926.75,20.0,0.931,0.0,0.465,0.0,0.233,0.0,0.0,122.0,31.0,Sprint of large group,-5.0,1.0,🟢  Plat/Sprint,0
2023-06-16,2023,tour-du-pays-de-montbeliard,prologue,,Metec - SOLARWATT p/b Mantel,0,2.2,,,0.0,,,,,,,0.0,0.0,0.0,0.0,0.0,,,,,,,,,,,,,,,,,,,,,0.0,0.0,0.0,0.0,0.0,,,,,,,,,,,,0,7,1085.07,,,,,,,,,,,,,,,0
2023-06-17,2023,tour-du-pays-de-montbeliard,stage,1.0,Metec - SOLARWATT p/b Mantel,0,2.2,,,0.0,,,,,,,0.0,0.0,0.0,0.0,0.0,1.0,,,,,,,,,,,,,,,,,,,,0.0,0.0,0.0,0.0,0.0,,,,,,,,,,,,0,7,1085.07,,,,,,,,,18.0,,-,,,,0
2023-06-18,2023,tour-du-pays-de-montbeliard,stage,2.0,Metec - SOLARWATT p/b Mantel,0,2.2,,,0.0,,,,,,,0.0,0.0,0.0,0.0,0.0,2.0,,,,,,,,,,,,,,,,,,,,0.0,0.0,0.0,0.0,0.0,,,,,,,,,,,,0,7,1085.07,,,,,,,,,18.0,,Sprint of 16 riders,,,,0
2023-06-21,2023,nc-netherlands-itt,result,,Metec - SOLARWATT p/b Mantel,0,NC,,,0.0,,,,,,,0.0,0.0,0.0,0.0,0.0,,,,,,,,,,,,,,,,,,,,,0.0,0.0,0.0,0.0,0.0,,,,,,,,,,,,0,6,948.6,,,,,,,,,49.0,25.0,Time trial,,,,0
2023-06-25,2023,nc-netherlands,result,,Metec - SOLARWATT p/b Mantel,0,NC,,,0.0,,,,,,,0.0,0.0,0.0,0.0,0.0,,,,,,,,,,,,,,,,,,,,,0.0,0.0,0.0,0.0,0.0,,,,,,,,,,,,0,6,948.6,,,,,,,,,148.0,,7 km solo,,,,0
2023-06-28,2023,course-cycliste-de-solidarnosc,stage,1.0,Metec - SOLARWATT p/b Mantel,1,2.2,FIN,31.0,0.0,17.0,0.0,,,,,0.0,6.0,3.0,0.0,0.0,1.0,84.3,70.9,10.3,1.9,1.23,0.0,76.9,5.05,0.0,2.16,0.0,0.0,0.0,0.298,0.0,319.0,401.0,231.0,119.0,0.0,0.0,0.0,0.0,0.0,0.0,0.0,0.0,0.0,0.0,0.4,-0.03,-0.22,48.0,-0.07,176.0,0,6,948.6,7.0,1.939,0.0,0.118,0.0,0.118,0.0,0.0,12.0,19.0,-,-2.0,1.0,🟢  Plat/Sprint,0
2023-06-28,2023,course-cycliste-de-solidarnosc,stage,2.0,Metec - SOLARWATT p/b Mantel,1,2.2,FIN,110.0,0.0,17.0,0.0,,,,,0.0,6.0,3.0,0.0,0.0,2.0,85.56,78.3,6.73,0.385,0.199,0.0,83.4,1.21,0.0,0.939,0.0,0.0,0.0,0.0,0.0,214.0,294.0,199.0,90.0,0.0,0.0,0.0,0.0,0.0,0.0,0.0,0.0,0.0,0.0,0.9,0.33,0.22,49.0,-0.17,152.0,0,6,948.6,7.0,0.0,0.0,0.0,0.0,0.0,0.0,0.0,12.0,15.0,Sprint of large group,0.0,1.0,🟢  Plat/Sprint,0
2023-06-29,2023,course-cycliste-de-solidarnosc,stage,3.0,Metec - SOLARWATT p/b Mantel,1,2.2,FIN,74.0,0.0,17.0,0.0,,,,,3.0,6.0,3.0,0.0,0.0,3.0,165.42,151.0,11.6,2.49,0.305,0.0,145.0,16.6,1.05,2.26,0.0,0.0,0.496,1.06,0.0,530.0,606.0,254.0,137.0,0.0,0.0,0.0,0.0,0.0,0.0,0.0,0.0,0.0,0.0,0.1,-0.07,0.0,12.0,0.04,215.0,0,7,914.37,7.0,0.032,0.0,0.032,0.0,0.032,0.0,0.0,12.0,25.0,-,0.0,1.0,🟢  Plat/Sprint,0
2023-06-30,2023,course-cycliste-de-solidarnosc,stage,4.0,Metec - SOLARWATT p/b Mantel,1,2.2,FIN,43.0,0.0,17.0,0.0,,,,,0.0,6.0,3.0,0.0,0.0,4.0,216.26,205.0,7.4,1.83,1.03,0.663,199.0,10.0,3.21,1.81,0.0,0.186,0.936,2.27,0.0,1169.0,1094.0,398.0,181.0,0.0,1.0,0.0,0.0,0.0,0.8553,0.8553,0.0,0.0,0.0,1.4,0.33,-0.14,94.0,0.0,154.0,0,8,1079.79,7.0,0.043,0.0,0.038,0.0,0.038,0.0,0.0,12.0,26.0,-,0.6,1.0,🟢  Plat/Sprint,0
2023-07-01,2023,course-cycliste-de-solidarnosc,stage,5.0,Metec - SOLARWATT p/b Mantel,1,2.2,FIN,29.0,0.0,17.0,0.0,,,,,0.0,6.0,3.0,0.0,0.0,5.0,173.06,156.0,3.78,10.1,0.419,0.185,136.0,16.6,5.32,11.8,0.0,0.0,0.849,1.74,0.419,587.0,611.0,206.0,136.0,0.0,0.0,0.0,0.0,0.0,0.0,0.0,0.0,0.0,0.0,0.2,0.1,0.06,34.0,-0.09,166.0,0,9,1296.05,7.0,8.306,0.0,8.306,0.0,7.853,0.0,0.0,12.0,20.0,-,0.6,1.0,🟢  Plat/Sprint,0
2023-07-02,2023,midden-brabant-poort-omloop,result,,Metec - SOLARWATT p/b Mantel,0,1.2,,,0.0,,,,,,,5.0,5.0,0.0,0.0,0.0,,190.69,110.0,63.7,12.9,0.0,0.0,124.0,2.79,0.0,46.0,4.7,0.0,4.83,0.0,0.0,175.0,172.0,28.0,9.0,0.0,0.0,0.0,0.0,0.0,0.0,0.0,0.0,0.0,0.0,0.2,0.03,-0.06,14.0,0.0,42.0,1,10,1469.11,40.0,5.457,0.0,2.066,0.0,1.349,0.0,0.0,3.0,21.0,3.5 km solo,0.6,1.0,🟢  Plat/Sprint,0
2023-07-19,2023,sd-worx-bw-classic,result,,Metec - SOLARWATT p/b Mantel,0,1.2,,,0.0,,,,,,,0.0,0.0,0.0,0.0,0.0,,184.24,136.0,39.5,2.04,0.562,0.0,76.6,6.88,31.9,61.7,6.01,0.0,6.01,1.02,0.166,1580.0,1619.0,182.0,37.0,6.0,0.0,0.0,0.0,0.0,0.9396,0.0,0.0,0.0,0.0,0.0,0.0,-0.32,65.0,0.18,456.0,0,5,724.5999999999999,40.0,0.0,0.0,0.0,0.0,0.0,0.0,0.0,14.0,,Sprint of large group,1.6,1.0,🟢  Plat/Sprint,0
2023-07-28,2023,kreiz-breizh-elites,stage,1.0,Metec - SOLARWATT p/b Mantel,0,2.2,,,0.0,,,,,,,1.0,11.0,10.0,0.0,0.0,1.0,11.84,5.89,5.86,0.0,0.0,0.0,10.5,0.847,0.0,0.434,0.0,0.0,0.0,0.0,0.0,86.0,94.0,156.0,112.0,0.0,0.0,0.0,0.0,0.0,0.0,0.0,0.0,0.0,0.0,2.3,0.2,-0.26,43.0,-0.07,86.0,1,5,724.5999999999999,7.0,0.0,0.0,0.0,0.0,0.0,0.0,0.0,16.0,21.0,Time trial,1.6,1.0,🟢  Plat/Sprint,0
2023-07-29,2023,kreiz-breizh-elites,stage,2.0,Metec - SOLARWATT p/b Mantel,0,2.2,,,0.0,,,,,,,0.0,11.0,10.0,0.0,0.0,2.0,210.37,152.0,58.2,0.0,0.0,0.0,206.0,1.32,2.41,0.431,0.0,0.0,0.0,0.0,0.0,2445.0,2459.0,289.0,42.0,10.0,1.0,0.0,0.0,0.0,0.9887,0.3693,0.0,0.0,0.0,0.5,-0.9,0.12,62.0,-0.06,641.0,1,3,554.74,7.0,0.0,0.0,0.0,0.0,0.0,0.0,0.0,16.0,18.0,Sprint of 3 riders,0.0,2.0,⛰️  Moy. montagne,0
2023-07-30,2023,kreiz-breizh-elites,stage,3.0,Metec - SOLARWATT p/b Mantel,0,2.2,,,0.0,,,,,,,0.0,11.0,10.0,0.0,0.0,3.0,185.43,180.0,5.13,0.0,0.0,0.0,154.0,11.3,1.75,18.6,0.0,0.0,0.0,0.0,0.0,2741.0,2719.0,275.0,77.0,4.0,0.0,0.0,0.0,0.0,0.316,0.0,0.0,0.0,0.0,2.1,0.53,0.2,168.0,0.13,661.0,1,2,389.32,7.0,0.0,0.0,0.0,0.0,0.0,0.0,0.0,16.0,20.0,4 km solo,0.0,2.0,⛰️  Moy. montagne,0
2023-07-31,2023,kreiz-breizh-elites,stage,4.0,Metec - SOLARWATT p/b Mantel,0,2.2,,,0.0,,,,,,,0.0,11.0,10.0,0.0,0.0,4.0,189.46,149.0,40.6,0.0,0.0,0.0,173.0,15.6,0.142,0.484,0.0,0.0,0.0,0.0,0.0,2646.0,2471.0,280.0,69.0,11.0,1.0,0.0,0.0,0.0,0.9991,0.161,0.0,0.0,0.0,1.7,1.63,1.42,133.0,0.3,674.0,1,1,173.06,7.0,0.0,0.0,0.0,0.0,0.0,0.0,0.0,16.0,19.0,16 km solo,0.0,2.0,⛰️  Moy. montagne,0
2023-08-12,2023,memorial-henryka-lasaka,result,,Metec - SOLARWATT p/b Mantel,1,1.2,FIN,32.0,0.0,,,,,,,0.0,0.0,0.0,0.0,0.0,,145.49,140.0,0.122,2.49,0.0,0.0,140.0,2.34,0.0,0.0,0.0,0.0,2.11,2.55,0.0,3196.0,3201.0,809.0,398.0,10.0,0.0,5.0,0.0,0.0,0.9778,0.8695,0.8695,0.0,0.0,-9.1,-4.83,-1.8,135.0,0.17,1144.0,1,0,0.0,40.0,0.972,0.0,0.486,0.0,0.486,0.0,0.0,9.0,,-,0.0,2.0,⛰️  Moy. montagne,0
2023-08-13,2023,memorial_jana_magiery_2022,result,,Metec - SOLARWATT p/b Mantel,1,1.2,FIN,31.0,0.0,,,,,,,20.0,20.0,0.0,0.0,0.0,,117.85,100.0,13.9,2.69,0.0,0.0,88.5,12.3,1.04,15.2,0.0,0.0,0.857,0.877,0.0,1999.0,1999.0,807.0,295.0,5.0,3.0,1.0,0.0,0.0,0.9077,0.8465,0.4237,0.0,0.0,0.7,-0.3,-2.2,95.0,0.37,498.0,1,1,145.49,40.0,0.049,0.0,0.049,0.0,0.049,0.0,0.0,9.0,,-,0.0,2.0,⛰️  Moy. montagne,0
2023-08-20,2023,gp-stad-zottegem,result,,Metec - SOLARWATT p/b Mantel,0,1.1,,,0.0,,,,,,,0.0,0.0,0.0,0.0,0.0,,,,,,,,,,,,,,,,,,,,,0.0,0.0,0.0,0.0,0.0,,,,,,,,,,,,1,2,263.34000000000003,,,,,,,,,134.0,,Sprint of small group,,,,0
2023-08-27,2023,ronde-van-de-achterhoek,result,,Metec - SOLARWATT p/b Mantel,1,1.2,FIN,36.0,0.0,,,,,,,3.0,3.0,0.0,0.0,0.0,,199.89,138.0,26.2,13.9,5.22,13.4,106.0,6.23,9.65,42.0,3.55,0.0,4.37,19.5,0.0,486.0,484.0,80.0,9.0,0.0,0.0,0.0,0.0,0.0,0.0,0.0,0.0,0.0,0.0,0.2,0.0,-0.04,13.0,-0.01,114.0,0,2,263.34000000000003,40.0,5.059,2.146,0.873,0.0,0.291,0.0,0.0,20.0,19.0,-,1.2,1.0,🟢  Plat/Sprint,0
2023-08-30,2023,muur-classic-geraardsbergen,result,,Metec - SOLARWATT p/b Mantel,0,1.2,,,0.0,,,,,,,0.0,0.0,0.0,0.0,0.0,,178.16,91.9,71.7,13.9,0.0,0.0,48.2,89.0,0.0,39.7,0.0,0.789,0.789,0.634,0.0,1983.0,1972.0,107.0,15.0,3.0,0.0,0.0,0.0,0.0,0.8342,0.0,0.0,0.0,0.0,3.3,-0.6,-0.4,111.0,-0.05,499.0,0,3,463.23,40.0,4.102,0.0,1.611,0.0,1.385,0.0,0.0,30.0,18.0,Sprint of 3 riders,1.8,1.0,🟢  Plat/Sprint,0
2023-09-17,2023,grote-prijs-rik-van-looy,result,,Metec - SOLARWATT p/b Mantel,0,1.2,,,0.0,,,,,,,0.0,0.0,0.0,0.0,0.0,,176.36,57.4,107.0,9.49,0.113,0.127,65.3,34.6,0.774,55.7,2.45,0.0,2.86,0.24,0.0,292.0,291.0,26.0,5.0,0.0,0.0,0.0,0.0,0.0,0.0,0.0,0.0,0.0,0.0,0.0,-0.03,-0.06,29.0,-0.01,76.0,1,1,199.89,40.0,3.289,0.015,2.467,0.008,0.827,0.008,0.0,13.0,23.0,Sprint of small group,0.8,1.0,🟢  Plat/Sprint,0
2023-09-17,2023,gooikse-pijl,result,,Metec - SOLARWATT p/b Mantel,0,1.1,,,0.0,,,,,,,0.0,0.0,0.0,0.0,0.0,,198.74,0.0,0.0,0.0,0.0,0.0,0.0,0.0,0.0,0.0,0.0,0.0,0.0,0.0,0.0,1889.4,1902.2,95.0,20.8,0.0,0.0,0.0,0.0,0.0,0.0,0.0,0.0,0.0,0.0,-1.57,-0.67,-0.32,38.6,0.07,479.4,0,1,199.89,125.0,0.0,0.0,0.0,0.0,0.0,0.0,0.0,225.0,22.0,Sprint of large group,1.8,1.0,🟢  Plat/Sprint,0
2023-09-20,2023,omloop-van-het-houtland-lichtervelde,result,,Metec - SOLARWATT p/b Mantel,0,1.1,,,0.0,,,,,,,0.0,0.0,0.0,0.0,0.0,,195.81,79.6,107.0,7.85,0.0,0.0,111.0,26.8,0.0,51.6,0.0,0.0,0.826,0.0,0.0,392.0,377.0,46.0,2.0,0.0,0.0,0.0,0.0,0.0,0.0,0.0,0.0,0.0,0.0,-0.1,0.17,0.14,30.0,-0.01,59.0,0,1,199.89,125.0,2.651,0.0,0.925,0.0,0.343,0.0,0.0,139.0,21.0,Sprint of small group,0.8,1.0,🟢  Plat/Sprint,0
2023-09-30,2023,gp-cerami,result,,Metec - SOLARWATT p/b Mantel,1,1.2,FIN,48.0,0.0,,,,,,,0.0,0.0,0.0,0.0,0.0,,152.88,117.0,23.9,12.0,0.0,0.0,127.0,13.2,8.16,3.99,0.0,0.0,0.0,0.0,0.0,1022.0,951.0,152.0,28.0,4.0,0.0,0.0,0.0,0.0,0.9341,0.0,0.0,0.0,0.0,2.1,0.2,0.1,68.0,0.1,344.0,0,0,0.0,40.0,3.632,0.0,1.816,0.0,0.0,0.0,0.0,20.0,19.0,-,0.6,1.0,🟢  Plat/Sprint,0
2023-10-01,2023,famenne-ardenne-classic,result,,Metec - SOLARWATT p/b Mantel,1,1.1,FIN,65.0,0.0,,,,,,,0.0,0.0,0.0,0.0,0.0,,188.35,178.0,9.16,0.957,0.0,0.0,135.0,9.66,31.1,6.7,0.339,0.0,0.474,0.0,0.0,2875.0,2847.0,565.0,192.0,1.0,5.0,2.0,0.0,0.0,0.9268,0.9268,0.3706,0.0,0.0,2.3,-0.9,-0.52,111.0,0.39,783.0,1,1,152.88,125.0,0.703,0.0,0.234,0.0,0.234,0.0,0.0,313.0,21.0,Sprint of large group,4.0,2.0,⛰️  Moy. montagne,0
2023-10-04,2023,elfsteden-race,result,,Metec - SOLARWATT p/b Mantel,1,1.1,FIN,62.0,0.0,,,,,,,63.0,63.0,0.0,0.0,0.0,,205.75,152.0,28.0,11.5,1.35,0.116,106.0,3.44,6.78,24.5,12.7,0.0,15.2,2.1,1.15,168.0,169.0,11.0,-4.0,0.0,0.0,0.0,0.0,0.0,0.0,0.0,0.0,0.0,0.0,-0.3,-0.13,-0.08,6.0,0.0,31.0,1,2,341.23,125.0,2.166,0.054,1.099,0.054,0.827,0.054,0.0,187.0,17.0,Sprint of small group,0.0,1.0,🟢  Plat/Sprint,0
2024-02-27,2024,gp-samyn,result,,Metec - SOLARWATT p/b Mantel,1,1.1,FIN,70.0,0.0,,,,,,,0.0,0.0,0.0,0.0,0.0,,203.24,145.0,42.1,15.5,0.0,0.0,118.0,23.0,15.9,45.3,1.59,0.0,1.77,0.0,0.0,1399.0,1342.0,143.0,24.0,5.0,0.0,0.0,0.0,0.0,0.8934,0.0,0.0,0.0,0.0,2.2,1.5,0.58,116.0,0.05,337.0,1,0,0.0,125.0,7.287,0.0,2.527,0.0,1.035,0.0,0.0,193.0,9.0,Sprint of 25 riders,12.6,1.0,🟢  Plat/Sprint,0
2024-03-02,2024,ster-van-zwolle,result,,Metec - SOLARWATT p/b Mantel,1,1.2,DNF,,0.0,,,,,,,23.0,23.0,0.0,0.0,0.0,,179.72,135.0,25.5,16.8,0.0,0.0,119.0,2.19,1.24,41.3,2.51,0.0,3.3,0.646,0.0,305.0,305.0,45.0,-2.0,0.0,0.0,0.0,0.0,0.0,0.0,0.0,0.0,0.0,0.0,-0.4,-0.17,-0.02,14.0,0.01,101.0,1,1,203.24,40.0,0.687,0.0,0.439,0.0,0.403,0.0,0.0,12.0,13.0,17.2 km solo,12.6,1.0,🟢  Plat/Sprint,0
2024-03-17,2024,dorpenomloop-rucphen,result,,Metec - SOLARWATT p/b Mantel,0,1.2,,,0.0,,,,,,,0.0,0.0,0.0,0.0,0.0,,182.38,103.0,70.6,0.0,2.5,0.0,95.0,0.387,0.0,55.3,6.2,0.0,6.41,2.5,0.0,276.0,274.0,26.0,6.0,0.0,0.0,0.0,0.0,0.0,0.0,0.0,0.0,0.0,0.0,-0.3,-0.07,-0.06,30.0,0.0,72.0,0,2,382.96,40.0,0.0,0.0,0.0,0.0,0.0,0.0,0.0,8.0,13.0,Sprint of large group,17.2,1.0,🟢  Plat/Sprint,0
2024-03-20,2024,olympias-tour,stage,1.0,Metec - SOLARWATT p/b Mantel,1,2.2,FIN,4.0,0.0,13.0,0.0,,,,,0.0,7.0,0.0,0.0,0.0,1.0,145.14,122.0,18.5,1.91,0.0,0.0,102.0,1.81,0.139,22.2,2.63,0.0,2.81,0.184,0.251,107.0,109.0,3.0,-4.0,0.0,0.0,0.0,0.0,0.0,0.0,0.0,0.0,0.0,0.0,0.0,0.03,0.06,8.0,-0.01,38.0,1,2,382.96,7.0,0.692,0.0,0.014,0.0,0.014,0.0,0.0,15.0,14.0,0.4 km solo,17.2,1.0,🟢  Plat/Sprint,0
2024-03-21,2024,olympias-tour,stage,2.0,Metec - SOLARWATT p/b Mantel,1,2.2,FIN,69.0,0.0,13.0,0.0,,,,,7.0,7.0,0.0,0.0,0.0,2.0,150.24,143.0,3.42,3.41,0.0,0.0,129.0,0.519,0.582,6.95,0.604,0.0,0.718,0.0,0.0,120.0,120.0,4.0,-4.0,0.0,0.0,0.0,0.0,0.0,0.0,0.0,0.0,0.0,0.0,0.2,0.07,0.02,11.0,-0.0,39.0,0,3,528.1,7.0,1.582,0.0,0.791,0.0,0.0,0.0,0.0,15.0,9.0,Sprint of small group,17.2,1.0,🟢  Plat/Sprint,0
2024-03-22,2024,olympias-tour,stage,3.0,Metec - SOLARWATT p/b Mantel,1,2.2,FIN,43.0,0.0,13.0,0.0,,,,,0.0,7.0,0.0,0.0,0.0,3.0,141.14,80.2,14.2,46.0,0.665,0.0,97.3,0.404,0.0,18.9,0.43,0.44,0.65,0.342,0.351,468.0,476.0,30.0,2.0,0.0,0.0,0.0,0.0,0.0,0.0,0.0,0.0,0.0,0.0,-0.6,-0.27,-0.08,48.0,-0.0,114.0,0,4,678.34,7.0,21.795,0.0,7.822,0.0,5.444,0.0,0.0,15.0,10.0,Sprint of large group,6.0,1.0,🟢  Plat/Sprint,0
2024-03-23,2024,olympias-tour,stage,4.0,Metec - SOLARWATT p/b Mantel,1,2.2,FIN,4.0,0.0,13.0,0.0,,,,,0.0,7.0,0.0,0.0,0.0,4.0,169.08,133.0,18.1,16.4,0.448,0.0,108.0,1.52,0.576,28.2,1.25,0.0,2.22,0.433,0.353,485.0,486.0,73.0,3.0,0.0,0.0,0.0,0.0,0.0,0.0,0.0,0.0,0.0,0.0,-0.5,0.17,0.06,29.0,-0.01,81.0,0,5,819.48,7.0,3.562,0.009,0.035,0.009,0.035,0.0,0.0,15.0,7.0,Sprint of small group,6.0,1.0,🟢  Plat/Sprint,0
2024-03-24,2024,olympias-tour,stage,5.0,Metec - SOLARWATT p/b Mantel,1,2.2,FIN,25.0,0.0,13.0,0.0,,,,,0.0,7.0,0.0,0.0,0.0,5.0,188.54,146.0,35.0,3.87,1.05,0.0,90.9,4.41,5.87,52.4,2.37,0.244,3.28,1.06,0.457,553.0,570.0,110.0,3.0,1.0,0.0,0.0,0.0,0.0,0.3606,0.0,0.0,0.0,0.0,-0.6,0.0,0.02,22.0,-0.03,89.0,0,6,988.56,7.0,0.0,0.0,0.0,0.0,0.0,0.0,0.0,15.0,7.0,Sprint of small group,1.4,1.0,🟢  Plat/Sprint,0
2024-03-30,2024,volta-nxt-classic,result,,Metec - SOLARWATT p/b Mantel,0,1.1,,,0.0,,,,,,,0.0,0.0,0.0,0.0,0.0,,191.14,174.0,15.2,1.66,0.0,0.0,128.0,5.28,0.0,51.6,0.0,0.0,0.0,0.0,0.0,2916.0,2921.0,283.0,49.0,6.0,4.0,0.0,0.0,0.0,0.8511,0.8326,0.0,0.0,0.0,0.8,0.23,0.08,20.0,0.12,822.0,0,6,973.86,125.0,0.487,0.0,0.46,0.0,0.46,0.0,0.0,76.0,14.0,Sprint à deux,4.0,2.0,⛰️  Moy. montagne,0
2024-04-10,2024,tour-du-loir-et-cher,stage,1.0,Metec - SOLARWATT p/b Mantel,1,2.2,FIN,44.0,0.0,3.0,25.0,,,,,0.0,28.0,25.0,0.0,0.0,1.0,186.96,149.0,37.5,0.0,0.0,0.0,163.0,15.9,5.14,2.81,0.294,0.0,0.294,0.0,0.0,996.0,1020.0,140.0,58.0,0.0,0.0,0.0,0.0,0.0,0.0,0.0,0.0,0.0,0.0,0.0,-0.13,0.28,25.0,0.03,261.0,0,5,794.14,7.0,0.0,0.0,0.0,0.0,0.0,0.0,0.0,22.0,14.0,-,1.4,1.0,🟢  Plat/Sprint,0
2024-04-11,2024,tour-du-loir-et-cher,stage,2.0,Metec - SOLARWATT p/b Mantel,1,2.2,FIN,8.0,0.0,3.0,25.0,,,,,0.0,28.0,25.0,0.0,0.0,2.0,185.62,150.0,36.0,0.0,0.0,0.0,161.0,11.7,12.6,0.669,0.0,0.0,0.0,0.0,0.0,1322.0,1313.0,159.0,60.0,3.0,0.0,0.0,0.0,0.0,0.3686,0.0,0.0,0.0,0.0,-0.4,-0.2,-0.4,46.0,-0.02,362.0,0,6,981.1,7.0,0.0,0.0,0.0,0.0,0.0,0.0,0.0,22.0,15.0,-,1.4,1.0,🟢  Plat/Sprint,0
2024-04-12,2024,tour-du-loir-et-cher,stage,3.0,Metec - SOLARWATT p/b Mantel,1,2.2,FIN,55.0,0.0,3.0,25.0,,,,,0.0,28.0,25.0,0.0,0.0,3.0,203.76,173.0,30.9,0.0,0.0,0.0,198.0,4.21,0.216,1.76,0.0,0.0,0.0,0.0,0.0,1250.0,1257.0,162.0,55.0,3.0,0.0,0.0,0.0,0.0,0.9639,0.0,0.0,0.0,0.0,-0.2,-1.1,-0.62,52.0,0.06,228.0,0,7,1166.72,7.0,0.0,0.0,0.0,0.0,0.0,0.0,0.0,22.0,21.0,Sprint of small group,0.0,1.0,🟢  Plat/Sprint,0
2024-04-13,2024,arno-wallaard-memorial,result,,Metec - SOLARWATT p/b Mantel,0,1.2,,,0.0,,,,,,,3.0,3.0,0.0,0.0,0.0,,150.8,104.0,39.9,7.31,0.0,0.0,127.0,4.1,1.23,9.69,0.905,0.0,0.948,0.0,0.0,131.0,131.0,6.0,-2.0,0.0,0.0,0.0,0.0,0.0,0.0,0.0,0.0,0.0,0.0,-0.1,0.03,-0.06,3.0,-0.0,43.0,1,8,1370.48,40.0,3.072,0.0,1.969,0.0,0.907,0.0,0.0,11.0,23.0,-,0.0,1.0,🟢  Plat/Sprint,0
2024-04-13,2024,tour-du-loir-et-cher,stage,4.0,Metec - SOLARWATT p/b Mantel,1,2.2,FIN,60.0,0.0,3.0,25.0,,,,,0.0,28.0,25.0,0.0,0.0,4.0,120.25,119.0,0.47,0.0,0.689,0.0,113.0,1.15,4.3,1.38,0.0,0.0,0.0,0.689,0.0,401.0,410.0,157.0,95.0,0.0,0.0,0.0,0.0,0.0,0.0,0.0,0.0,0.0,0.0,0.4,0.03,-0.06,35.0,-0.01,163.0,0,8,1370.48,7.0,0.0,0.0,0.0,0.0,0.0,0.0,0.0,22.0,26.0,-,0.6,1.0,🟢  Plat/Sprint,0
2024-04-14,2024,tour-du-loir-et-cher,stage,5.0,Metec - SOLARWATT p/b Mantel,1,2.2,FIN,2.0,3.0,3.0,25.0,,,,,3.0,28.0,25.0,0.0,0.0,5.0,89.35,88.0,0.0,2.04,0.0,0.0,39.0,14.2,14.0,17.9,0.0,0.0,0.315,5.22,0.0,603.0,604.0,107.0,65.0,0.0,0.0,0.0,0.0,0.0,0.0,0.0,0.0,0.0,0.0,3.6,1.27,0.72,85.0,-0.08,316.0,0,9,1490.73,7.0,0.87,0.008,0.338,0.0,0.169,0.0,0.4285714285714285,22.0,21.0,-,0.6,1.0,🟢  Plat/Sprint,0
2024-04-28,2024,famenne-ardenne-classic,result,,Metec - SOLARWATT p/b Mantel,1,1.1,FIN,78.0,0.0,,,,,,,3.0,3.0,0.0,0.0,0.0,,195.45,180.0,14.0,1.02,0.0,0.0,142.0,9.61,31.1,6.85,0.339,0.0,0.474,0.0,0.0,2972.0,2944.0,563.0,187.0,1.0,5.0,2.0,0.0,0.0,0.93,0.93,0.3534,0.0,0.0,2.3,-0.9,-0.52,111.0,0.39,783.0,0,5,785.94,125.0,0.703,0.0,0.234,0.0,0.234,0.0,0.0,135.0,12.0,Sprint of large group,4.0,2.0,⛰️  Moy. montagne,0
2024-05-01,2024,omloop-van-het-waasland,result,,Metec - SOLARWATT p/b Mantel,1,1.2,FIN,100.0,0.0,,,,,,,0.0,0.0,0.0,0.0,0.0,,182.91,85.3,77.4,20.1,0.0,0.0,72.3,41.1,0.0,57.5,0.0,0.0,12.0,0.0,0.0,198.0,194.0,9.0,1.0,0.0,0.0,0.0,0.0,0.0,0.0,0.0,0.0,0.0,0.0,0.2,0.13,0.08,19.0,0.0,50.0,1,6,981.39,40.0,3.514,0.0,0.889,0.0,0.765,0.0,0.0,13.0,23.0,-,1.2,1.0,🟢  Plat/Sprint,0
2024-05-04,2024,ronde-van-overijssel,result,,Metec - SOLARWATT p/b Mantel,1,1.2,FIN,43.0,0.0,,,,,,,0.0,0.0,0.0,0.0,0.0,,203.94,165.0,11.9,24.5,0.535,0.0,152.0,2.15,3.02,35.6,1.78,0.0,2.31,1.07,0.327,754.0,738.0,82.0,5.0,0.0,0.0,0.0,0.0,0.0,0.0,0.0,0.0,0.0,0.0,-0.2,-0.3,0.1,45.0,0.03,149.0,1,7,1164.3000000000002,40.0,8.37,0.0,0.0,0.0,0.0,0.0,0.0,16.0,16.0,Sprint of large group,1.2,1.0,🟢  Plat/Sprint,0
2024-05-12,2024,fleche-ardennaise,result,,Metec - SOLARWATT p/b Mantel,0,1.2,,,0.0,,,,,,,0.0,0.0,0.0,0.0,0.0,,171.4,152.0,17.5,2.25,0.0,0.0,138.0,3.85,19.5,9.93,0.0,0.0,0.0,0.0,0.0,3500.0,3512.0,565.0,188.0,6.0,10.0,0.0,0.0,0.0,0.9413,0.9413,0.0,0.0,0.0,-1.3,-1.6,-3.3,69.0,0.43,890.0,0,6,995.66,40.0,1.601,0.0,0.849,0.0,0.254,0.0,0.0,2.0,24.0,90 km solo,4.6,2.0,⛰️  Moy. montagne,0
2024-05-18,2024,veenendaal-veenendaal,result,,Metec - SOLARWATT p/b Mantel,1,1.1,FIN,84.0,0.0,,,,,,,0.0,0.0,0.0,0.0,0.0,,171.35,125.0,37.6,8.47,0.0,0.0,101.0,1.49,2.76,47.0,0.0,0.114,0.869,0.425,0.0,572.0,572.0,50.0,3.0,0.0,0.0,0.0,0.0,0.0,0.0,0.0,0.0,0.0,0.0,0.0,0.0,0.0,48.0,0.0,132.0,0,3,582.3,125.0,2.485,0.0,1.212,0.0,0.016,0.0,0.0,134.0,22.0,Sprint of large group,1.2,1.0,🟢  Plat/Sprint,0
2024-05-22,2024,rhone-alpes-isere-tour,stage,1.0,Metec - SOLARWATT p/b Mantel,0,2.2,,,0.0,,,,,,,0.0,0.0,0.0,0.0,0.0,1.0,128.6,128.0,0.434,0.0,0.0,0.0,122.0,1.26,4.31,1.03,0.0,0.0,0.0,0.0,0.0,846.0,862.0,353.0,191.0,2.0,1.0,0.0,0.0,0.0,0.8501,0.8501,0.0,0.0,0.0,0.1,-0.03,-0.36,27.0,0.01,298.0,0,4,753.65,7.0,0.0,0.0,0.0,0.0,0.0,0.0,0.0,12.0,21.0,Sprint of large group,0.6,1.0,🟢  Plat/Sprint,0
2024-05-23,2024,rhone-alpes-isere-tour,stage,2.0,Metec - SOLARWATT p/b Mantel,0,2.2,,,0.0,,,,,,,0.0,0.0,0.0,0.0,0.0,2.0,142.8,115.0,28.3,0.0,0.0,0.0,140.0,2.2,0.232,0.434,0.0,0.0,0.0,0.0,0.0,2016.0,2180.0,608.0,234.0,5.0,4.0,0.0,0.0,0.0,0.9476,0.8391,0.0,0.0,0.0,-0.7,-1.37,-2.66,85.0,0.37,799.0,0,4,753.65,7.0,0.0,0.0,0.0,0.0,0.0,0.0,0.0,12.0,16.0,Sprint of 6 riders,4.6,2.0,⛰️  Moy. montagne,0
2024-05-24,2024,rhone-alpes-isere-tour,stage,3.0,Metec - SOLARWATT p/b Mantel,0,2.2,,,0.0,,,,,,,0.0,0.0,0.0,0.0,0.0,3.0,156.19,130.0,25.0,0.0,0.1,0.0,145.0,2.17,0.913,7.27,0.85,0.0,0.85,0.0,0.1,1868.0,1872.0,579.0,209.0,7.0,0.0,1.0,0.0,0.0,0.8154,0.4637,0.4637,0.0,0.0,2.0,0.53,0.24,42.0,0.46,618.0,0,4,753.65,7.0,0.0,0.0,0.0,0.0,0.0,0.0,0.0,12.0,18.0,Sprint of large group,0.6,2.0,⛰️  Moy. montagne,0
2024-05-25,2024,rhone-alpes-isere-tour,stage,4.0,Metec - SOLARWATT p/b Mantel,0,2.2,,,0.0,,,,,,,0.0,0.0,0.0,0.0,0.0,4.0,149.41,136.0,12.9,0.0,0.0,0.0,148.0,0.849,0.238,0.0,0.373,0.0,0.373,0.0,0.0,1802.0,1808.0,721.0,152.0,5.0,0.0,2.0,0.0,0.0,0.9246,0.5616,0.5616,0.0,0.0,-0.1,-0.73,-1.22,12.0,0.51,523.0,0,4,753.65,7.0,0.0,0.0,0.0,0.0,0.0,0.0,0.0,12.0,21.0,Sprint of small group,0.6,2.0,⛰️  Moy. montagne,0
2024-05-26,2024,rhone-alpes-isere-tour,stage,5.0,Metec - SOLARWATT p/b Mantel,0,2.2,,,0.0,,,,,,,0.0,0.0,0.0,0.0,0.0,5.0,169.46,169.0,0.336,0.0,0.31,0.0,149.0,2.23,2.73,14.8,0.0,0.0,0.139,0.31,0.0,3954.0,4307.0,1527.0,214.0,3.0,0.0,1.0,2.0,1.0,0.905,0.905,0.905,0.905,0.905,0.4,-3.97,-5.6,12.0,-1.38,859.0,0,4,753.65,7.0,0.0,0.0,0.0,0.0,0.0,0.0,0.0,12.0,18.0,Sprint à deux,0.6,2.0,⛰️  Moy. montagne,0
2024-05-26,2024,omloop-der-kempen,result,,Metec - SOLARWATT p/b Mantel,1,1.2,FIN,4.0,20.0,,,,,,,48.0,48.0,0.0,0.0,0.0,,181.99,95.2,78.2,6.13,0.439,0.596,93.2,12.3,0.972,42.1,1.82,0.0,2.58,0.369,0.16,190.0,193.0,44.0,18.0,0.0,0.0,0.0,0.0,0.0,0.0,0.0,0.0,0.0,0.0,0.0,-0.03,0.0,63.0,0.02,67.0,0,4,753.65,40.0,1.657,0.009,0.0,0.0,0.0,0.0,0.5,10.0,21.0,-,0.6,1.0,🟢  Plat/Sprint,0
2024-05-30,2024,ronde-de-l-oise,stage,1.0,Metec - SOLARWATT p/b Mantel,0,2.2,,,0.0,,,,,,,0.0,1.0,0.0,0.0,0.0,1.0,139.44,131.0,9.01,0.0,0.0,0.0,137.0,2.21,0.0,0.0,0.0,0.0,0.0,0.0,0.0,605.0,713.0,182.0,59.0,1.0,0.0,0.0,0.0,0.0,0.5612,0.0,0.0,0.0,0.0,-1.1,0.0,0.02,141.0,-0.1,206.0,0,4,740.19,7.0,0.0,0.0,0.0,0.0,0.0,0.0,0.0,11.0,13.0,-,9.6,1.0,🟢  Plat/Sprint,0
2024-05-31,2024,ronde-de-l-oise,stage,2.0,Metec - SOLARWATT p/b Mantel,0,2.2,,,0.0,,,,,,,0.0,1.0,0.0,0.0,0.0,2.0,191.43,191.0,0.19,0.0,0.0,0.0,184.0,3.47,0.474,3.28,0.0,0.0,0.0,0.19,0.0,1675.0,1680.0,193.0,29.0,7.0,2.0,0.0,0.0,0.0,0.9749,0.915,0.0,0.0,0.0,-0.7,-3.33,-2.6,310.0,-0.02,414.0,0,4,740.19,7.0,0.0,0.0,0.0,0.0,0.0,0.0,0.0,11.0,14.0,Sprint of large group,0.0,2.0,⛰️  Moy. montagne,0
2024-06-01,2024,ronde-de-l-oise,stage,3.0,Metec - SOLARWATT p/b Mantel,0,2.2,,,0.0,,,,,,,1.0,1.0,0.0,0.0,0.0,3.0,185.07,184.0,1.39,0.0,0.0,0.0,183.0,1.12,0.0,1.07,0.298,0.0,0.0,0.0,0.0,1290.0,1278.0,182.0,43.0,5.0,0.0,0.0,0.0,0.0,0.8972,0.0,0.0,0.0,0.0,0.7,0.17,-0.14,229.0,0.09,278.0,0,3,557.28,7.0,0.0,0.0,0.0,0.0,0.0,0.0,0.0,11.0,,-,9.6,1.0,🟢  Plat/Sprint,0
2024-06-01,2024,heist-op-den-berg,result,,Metec - SOLARWATT p/b Mantel,1,1.1,FIN,123.0,0.0,,,,,,,0.0,0.0,0.0,0.0,0.0,,194.43,77.1,111.0,4.66,0.0,0.0,10.9,14.5,0.825,146.0,1.98,0.0,2.07,0.0,0.0,494.0,491.0,43.0,3.0,0.0,0.0,0.0,0.0,0.0,0.0,0.0,0.0,0.0,0.0,-1.9,0.33,0.22,48.0,-0.0,66.0,0,3,557.28,125.0,1.761,0.0,0.471,0.0,0.443,0.0,0.0,132.0,16.0,Sprint of small group,9.6,1.0,🟢  Plat/Sprint,0
2024-06-02,2024,ronde-de-l-oise,stage,4.0,Metec - SOLARWATT p/b Mantel,0,2.2,,,0.0,,,,,,,0.0,1.0,0.0,0.0,0.0,4.0,179.8,163.0,16.8,0.0,0.0,0.0,173.0,5.25,0.114,0.452,0.0,0.0,0.0,0.488,0.0,1395.0,1412.0,229.0,44.0,7.0,0.0,0.0,0.0,0.0,0.9274,0.0,0.0,0.0,0.0,-1.0,-1.53,-1.08,4.0,0.27,561.0,0,4,751.71,7.0,0.0,0.0,0.0,0.0,0.0,0.0,0.0,11.0,16.0,-,9.8,1.0,🟢  Plat/Sprint,0
2024-06-05,2024,zlm-tour,stage,1.0,Metec - SOLARWATT p/b Mantel,1,2.1,FIN,8.0,0.0,9.0,25.0,,,,,0.0,78.0,75.0,0.0,0.0,1.0,14.7,6.67,6.66,1.24,0.0,0.0,10.1,0.184,0.0,1.49,0.0,0.0,0.102,0.0,0.0,17.0,15.0,10.0,-2.0,0.0,0.0,0.0,0.0,0.0,0.0,0.0,0.0,0.0,0.0,-0.7,0.07,0.06,17.0,0.01,17.0,0,3,547.77,14.0,0.0,0.0,0.0,0.0,0.0,0.0,0.0,68.0,16.0,Time trial,9.8,1.0,🟢  Plat/Sprint,0
2024-06-06,2024,zlm-tour,stage,2.0,Metec - SOLARWATT p/b Mantel,1,2.1,FIN,60.0,0.0,9.0,25.0,,,,,0.0,78.0,75.0,0.0,0.0,2.0,193.72,142.0,38.1,6.19,0.228,0.0,115.0,3.38,0.289,27.6,6.49,0.0,7.56,0.109,0.281,197.0,194.0,18.0,-12.0,0.0,0.0,0.0,0.0,0.0,0.0,0.0,0.0,0.0,0.0,0.0,0.03,-0.02,9.0,0.02,60.0,0,4,562.47,14.0,3.057,0.0,2.625,0.0,1.25,0.0,0.0,68.0,17.0,Sprint of large group,0.2,1.0,🟢  Plat/Sprint,0
2024-06-07,2024,zlm-tour,stage,3.0,Metec - SOLARWATT p/b Mantel,1,2.1,FIN,51.0,0.0,9.0,25.0,,,,,3.0,78.0,75.0,0.0,0.0,3.0,180.37,127.0,44.8,4.57,0.331,0.0,104.0,6.82,0.0,17.5,3.93,0.0,4.45,0.315,0.0,370.0,346.0,54.0,8.0,0.0,0.0,0.0,0.0,0.0,0.0,0.0,0.0,0.0,0.0,0.0,0.07,0.02,22.0,0.04,85.0,0,5,756.19,14.0,0.028,0.0,0.0,0.0,0.0,0.0,0.0,68.0,20.0,Sprint of 3 riders,0.2,1.0,🟢  Plat/Sprint,0
2024-06-08,2024,zlm-tour,stage,4.0,Metec - SOLARWATT p/b Mantel,1,2.1,FIN,34.0,0.0,9.0,25.0,,,,,0.0,78.0,75.0,0.0,0.0,4.0,196.76,106.0,81.3,9.08,0.0,0.0,147.0,5.21,0.0,14.4,0.0,0.0,0.93,0.0,0.0,332.0,331.0,21.0,-10.0,0.0,0.0,0.0,0.0,0.0,0.0,0.0,0.0,0.0,0.0,0.1,0.07,0.04,19.0,0.0,60.0,0,6,936.56,14.0,0.0,0.0,0.0,0.0,0.0,0.0,0.0,68.0,18.0,Sprint of large group,0.8,1.0,🟢  Plat/Sprint,0
2024-06-09,2024,zlm-tour,stage,5.0,Metec - SOLARWATT p/b Mantel,1,2.1,FIN,45.0,0.0,9.0,25.0,,,,,0.0,78.0,75.0,0.0,0.0,5.0,159.45,112.0,43.3,3.35,0.0,0.0,82.4,0.861,0.0,42.8,1.07,0.0,1.64,0.0,0.168,162.0,162.0,17.0,0.0,0.0,0.0,0.0,0.0,0.0,0.0,0.0,0.0,0.0,0.0,0.0,0.0,0.0,14.0,-0.01,45.0,0,7,1133.3200000000002,14.0,0.931,0.0,0.465,0.0,0.233,0.0,0.0,68.0,18.0,0.35 km solo,0.6,1.0,🟢  Plat/Sprint,0
2024-06-12,2024,tour-de-kurpie,stage,1.0,Metec - SOLARWATT p/b Mantel,0,2.2,,,0.0,,,,,,,3.0,68.0,65.0,0.0,0.0,1.0,162.56,140.0,18.2,0.0,2.49,0.0,135.0,22.6,0.0,0.0,2.06,0.0,2.06,2.49,0.0,518.0,518.0,127.0,106.0,0.0,0.0,0.0,0.0,0.0,0.0,0.0,0.0,0.0,0.0,0.2,0.2,0.18,44.0,-0.01,157.0,1,8,1292.77,7.0,0.0,0.0,0.0,0.0,0.0,0.0,0.0,10.0,,-,0.6,1.0,🟢  Plat/Sprint,0
2024-06-13,2024,tour-de-kurpie,stage,2.0,Metec - SOLARWATT p/b Mantel,0,2.2,,,0.0,,,,,,,0.0,68.0,65.0,0.0,0.0,2.0,175.05,175.0,0.0,0.0,0.0,0.0,173.0,0.0,0.237,2.47,0.0,0.0,0.0,0.0,0.0,481.0,481.0,139.0,102.0,0.0,0.0,0.0,0.0,0.0,0.0,0.0,0.0,0.0,0.0,-0.3,-0.13,-0.08,54.0,0.06,166.0,1,8,1292.77,7.0,0.0,0.0,0.0,0.0,0.0,0.0,0.0,10.0,18.0,-,1.2,1.0,🟢  Plat/Sprint,0
2024-06-15,2024,tour-de-kurpie,stage,4.0,Metec - SOLARWATT p/b Mantel,0,2.2,,,0.0,,,,,,,0.0,68.0,65.0,0.0,0.0,4.0,157.0,149.0,0.0,1.48,6.42,0.0,117.0,1.4,0.0,36.9,0.0,0.0,0.0,1.61,0.0,525.0,526.0,131.0,104.0,0.0,0.0,0.0,0.0,0.0,0.0,0.0,0.0,0.0,0.0,-0.3,0.0,-0.12,54.0,-0.03,156.0,1,8,1292.77,7.0,0.299,0.0,0.0,0.0,0.0,0.0,0.0,10.0,22.0,-,1.2,1.0,🟢  Plat/Sprint,0
2024-06-16,2024,tour-de-kurpie,stage,5.0,Metec - SOLARWATT p/b Mantel,0,2.2,,,0.0,,,,,,,0.0,68.0,65.0,0.0,0.0,5.0,146.57,146.0,0.0,0.0,0.0,0.0,126.0,0.148,0.0,20.0,0.252,0.0,0.252,0.0,0.0,363.0,363.0,122.0,93.0,0.0,0.0,0.0,0.0,0.0,0.0,0.0,0.0,0.0,0.0,-0.2,-0.07,0.04,14.0,0.04,143.0,1,8,1292.77,7.0,0.0,0.0,0.0,0.0,0.0,0.0,0.0,10.0,25.0,61 km solo,0.6,1.0,🟢  Plat/Sprint,0
2024-06-19,2024,nc-netherlands-itt,result,,Metec - SOLARWATT p/b Mantel,1,NC,FIN,5.0,10.0,,,,,,,10.0,10.0,0.0,0.0,0.0,,,,,,,,,,,,,,,,,,,,,0.0,0.0,0.0,0.0,0.0,,,,,,,,,,,,0,7,1121.42,,,,,,,,,20.0,,Time trial,,,,0
2024-06-23,2024,nc-netherlands,result,,Metec - SOLARWATT p/b Mantel,1,NC,DNF,,0.0,,,,,,,0.0,0.0,0.0,0.0,0.0,,,,,,,,,,,,,,,,,,,,,0.0,0.0,0.0,0.0,0.0,,,,,,,,,,,,1,8,1121.42,,,,,,,,,124.0,,Sprint of small group,,,,0
2024-06-26,2024,course-cycliste-de-solidarnosc,stage,1.0,Metec - SOLARWATT p/b Mantel,1,2.2,FIN,41.0,0.0,42.0,0.0,,,,,0.0,5.0,5.0,0.0,0.0,1.0,88.26,70.9,16.5,0.54,0.0,0.0,75.7,9.9,0.0,0.809,0.0,0.0,0.361,0.0,0.0,320.0,310.0,200.0,126.0,0.0,0.0,0.0,0.0,0.0,0.0,0.0,0.0,0.0,0.0,0.2,0.13,-0.04,66.0,-0.07,162.0,0,8,939.43,7.0,0.673,0.0,0.673,0.0,0.673,0.0,0.0,18.0,29.0,-,0.6,1.0,🟢  Plat/Sprint,0
2024-06-27,2024,course-cycliste-de-solidarnosc,stage,2.0,Metec - SOLARWATT p/b Mantel,1,2.2,NR,,0.0,42.0,0.0,,,,,0.0,5.0,5.0,0.0,0.0,2.0,120.02,104.0,15.4,0.0,0.0,0.0,106.0,12.0,0.253,0.868,0.0,0.0,0.166,0.668,0.0,384.0,447.0,192.0,115.0,0.0,0.0,0.0,0.0,0.0,0.0,0.0,0.0,0.0,0.0,0.3,-0.03,-0.24,50.0,-0.09,169.0,0,9,1027.69,0.0,0.0,0.0,0.0,0.0,0.0,0.0,,18.0,27.0,-,0.6,1.0,🟢  Plat/Sprint,0
2024-06-28,2024,course-cycliste-de-solidarnosc,stage,3.0,Metec - SOLARWATT p/b Mantel,1,2.2,FIN,43.0,0.0,42.0,0.0,,,,,0.0,5.0,5.0,0.0,0.0,3.0,141.61,137.0,3.41,1.19,0.0,0.0,134.0,4.48,0.0,2.78,0.0,0.0,0.0,1.22,0.0,1097.0,1037.0,466.0,230.0,0.0,1.0,0.0,0.0,0.0,0.5932,0.5932,0.0,0.0,0.0,1.1,-0.8,0.22,89.0,0.04,224.0,0,10,1147.71,7.0,1.256,0.0,1.256,0.0,0.524,0.0,0.0,18.0,28.0,Sprint of large group,0.0,1.0,🟢  Plat/Sprint,0
2024-06-30,2024,midden-brabant-poort-omloop,result,,Metec - SOLARWATT p/b Mantel,0,1.2,,,0.0,,,,,,,33.0,33.0,0.0,0.0,0.0,,187.78,109.0,61.3,12.9,0.0,0.0,124.0,2.79,0.0,45.9,4.7,0.0,4.79,0.0,0.0,173.0,170.0,28.0,9.0,0.0,0.0,0.0,0.0,0.0,0.0,0.0,0.0,0.0,0.0,0.2,0.03,-0.06,14.0,-0.0,42.0,1,11,1289.3200000000002,40.0,5.457,0.0,2.066,0.0,1.349,0.0,0.0,2.0,21.0,-,0.0,1.0,🟢  Plat/Sprint,0
2024-07-27,2024,kreiz-breizh-elites,stage,1.0,Metec - SOLARWATT p/b Mantel,1,2.2,FIN,90.0,0.0,20.0,0.0,,,,,0.0,0.0,0.0,0.0,0.0,1.0,201.06,140.0,61.2,0.0,0.0,0.0,198.0,0.101,2.41,0.431,0.0,0.0,0.0,0.0,0.0,2329.0,2343.0,289.0,56.0,8.0,1.0,0.0,0.0,0.0,0.9882,0.387,0.0,0.0,0.0,0.5,-0.9,0.1,62.0,-0.06,641.0,1,2,261.63,7.0,0.0,0.0,0.0,0.0,0.0,0.0,0.0,20.0,19.0,-,0.0,2.0,⛰️  Moy. montagne,0
2024-07-28,2024,kreiz-breizh-elites,stage,2.0,Metec - SOLARWATT p/b Mantel,1,2.2,FIN,36.0,0.0,20.0,0.0,,,,,0.0,0.0,0.0,0.0,0.0,2.0,0.0,0.0,0.0,0.0,0.0,0.0,0.0,0.0,0.0,0.0,0.0,0.0,0.0,0.0,0.0,0.0,0.0,0.0,0.0,0.0,0.0,0.0,0.0,0.0,0.0,0.0,0.0,0.0,0.0,0.0,0.0,0.0,0.0,0.0,0.0,0,2,342.67,,,,,,,,,20.0,23.0,-,,,,0
2024-07-29,2024,kreiz-breizh-elites,stage,3.0,Metec - SOLARWATT p/b Mantel,1,2.2,FIN,13.0,0.0,20.0,0.0,,,,,0.0,0.0,0.0,0.0,0.0,3.0,182.5,141.0,41.3,0.0,0.0,0.0,169.0,13.2,0.0,0.635,0.0,0.0,0.0,0.0,0.0,2513.0,2346.0,280.0,69.0,10.0,1.0,0.0,0.0,0.0,0.9992,0.1685,0.0,0.0,0.0,1.7,1.67,1.48,138.0,0.32,673.0,0,2,201.06,7.0,0.0,0.0,0.0,0.0,0.0,0.0,0.0,20.0,24.0,-,0.0,2.0,⛰️  Moy. montagne,0
2024-08-15,2024,gp-jef-scherens,result,,Metec - SOLARWATT p/b Mantel,1,1.1,FIN,39.0,0.0,,,,,,,0.0,0.0,0.0,0.0,0.0,,192.26,127.0,51.8,13.1,0.376,0.0,67.9,62.0,3.84,51.5,1.33,0.269,1.64,1.31,0.0,1940.0,1928.0,99.0,16.0,2.0,0.0,0.0,0.0,0.0,0.6418,0.0,0.0,0.0,0.0,-0.1,0.1,-0.16,61.0,0.06,492.0,1,3,383.56,125.0,1.687,0.0,0.647,0.0,0.128,0.0,0.0,180.0,25.0,12 km solo,6.6,1.0,🟢  Plat/Sprint,0
2024-08-25,2024,ronde-van-de-achterhoek,result,,Metec - SOLARWATT p/b Mantel,1,1.2,FIN,18.0,0.0,,,,,,,23.0,23.0,0.0,0.0,0.0,,162.27,112.0,19.1,11.4,5.28,14.1,79.5,5.95,6.88,42.6,0.434,0.177,0.973,19.8,0.147,473.0,473.0,77.0,9.0,0.0,0.0,0.0,0.0,0.0,0.0,0.0,0.0,0.0,0.0,0.2,0.0,0.02,14.0,-0.01,101.0,1,4,575.8199999999999,40.0,3.208,8.153,2.554,0.561,1.323,0.426,0.0,9.0,20.0,Sprint of small group,6.6,1.0,🟢  Plat/Sprint,0
2024-08-28,2024,muur-classic-geraardsbergen,result,,Metec - SOLARWATT p/b Mantel,1,1.1,DNF,,0.0,,,,,,,0.0,0.0,0.0,0.0,0.0,,179.99,82.7,83.1,14.1,0.0,0.0,36.6,108.0,0.0,35.7,0.0,0.598,0.598,0.113,0.0,1825.0,1815.0,107.0,15.0,3.0,0.0,0.0,0.0,0.0,0.8339,0.0,0.0,0.0,0.0,3.3,-0.6,-0.4,111.0,-0.05,445.0,1,3,537.03,125.0,4.132,0.0,1.656,0.0,1.396,0.0,0.0,117.0,29.0,Sprint of 3 riders,11.2,1.0,🟢  Plat/Sprint,0
2024-09-05,2024,okolo-jiznich-cech,stage,1.0,Metec - SOLARWATT p/b Mantel,1,2.2,FIN,11.0,0.0,14.0,0.0,,,,,0.0,7.0,0.0,0.0,0.0,1.0,0.0,126.0,3.63,0.823,0.0,0.0,127.0,2.74,0.779,0.123,0.0,0.0,0.0,0.192,0.0,0.0,0.0,0.0,0.0,0.0,0.0,0.0,0.0,0.0,0.0,0.0,0.0,0.0,0.0,0.0,0.0,0.0,0.0,0.0,0.0,1,3,534.52,7.0,0.0,0.0,0.0,0.0,0.0,0.0,0.0,23.0,28.0,-,11.2,1.0,🟢  Plat/Sprint,0
2024-09-06,2024,okolo-jiznich-cech,stage,2.0,Metec - SOLARWATT p/b Mantel,1,2.2,FIN,17.0,0.0,14.0,0.0,,,,,0.0,7.0,0.0,0.0,0.0,2.0,0.0,150.0,3.49,0.0,0.0,0.0,150.0,3.09,0.0,0.0,0.294,0.0,0.454,0.509,0.0,0.0,0.0,0.0,0.0,0.0,0.0,0.0,0.0,0.0,0.0,0.0,0.0,0.0,0.0,0.0,0.0,0.0,0.0,0.0,0.0,1,4,534.52,7.0,0.0,0.0,0.0,0.0,0.0,0.0,0.0,23.0,24.0,-,11.2,1.0,🟢  Plat/Sprint,0
2024-09-07,2024,okolo-jiznich-cech,stage,3.0,Metec - SOLARWATT p/b Mantel,1,2.2,FIN,15.0,0.0,14.0,0.0,,,,,0.0,7.0,0.0,0.0,0.0,3.0,0.0,130.0,2.65,1.62,0.0,0.0,129.0,3.15,0.141,0.885,0.0,0.0,0.0,1.11,0.382,0.0,0.0,0.0,0.0,0.0,0.0,0.0,0.0,0.0,0.0,0.0,0.0,0.0,0.0,0.0,0.0,0.0,0.0,0.0,0.0,1,5,534.52,7.0,0.0,0.0,0.0,0.0,0.0,0.0,0.0,23.0,27.0,-,0.0,2.0,⛰️  Moy. montagne,0
2024-09-07,2024,grote-prijs-rik-van-looy,result,,Metec - SOLARWATT p/b Mantel,0,1.2,,,0.0,,,,,,,0.0,0.0,0.0,0.0,0.0,,180.77,55.3,108.0,11.1,0.113,0.127,61.6,48.7,0.734,49.6,2.63,0.0,6.54,0.24,0.201,308.0,311.0,23.0,5.0,0.0,0.0,0.0,0.0,0.0,0.0,0.0,0.0,0.0,0.0,0.6,0.0,-0.04,31.0,-0.03,75.0,0,5,534.52,40.0,3.896,0.015,2.437,0.008,0.798,0.008,0.0,19.0,26.0,Sprint of large group,4.6,1.0,🟢  Plat/Sprint,0
2024-09-08,2024,okolo-jiznich-cech,stage,4.0,Metec - SOLARWATT p/b Mantel,1,2.2,FIN,23.0,0.0,14.0,0.0,,,,,7.0,7.0,0.0,0.0,0.0,4.0,0.0,149.0,1.74,0.192,0.0,0.0,146.0,3.83,0.148,0.134,0.0,0.0,0.0,0.569,0.0,0.0,0.0,0.0,0.0,0.0,0.0,0.0,0.0,0.0,0.0,0.0,0.0,0.0,0.0,0.0,0.0,0.0,0.0,0.0,0.0,1,6,534.52,7.0,0.0,0.0,0.0,0.0,0.0,0.0,0.0,23.0,27.0,-,0.0,2.0,⛰️  Moy. montagne,0
2024-09-15,2024,gp-d-isbergues,result,,Metec - SOLARWATT p/b Mantel,1,1.1,FIN,80.0,0.0,,,,,,,0.0,0.0,0.0,0.0,0.0,,199.06,137.0,59.5,0.0,0.0,0.0,125.0,44.5,25.3,1.22,2.45,0.0,2.45,0.0,0.0,1332.0,1344.0,196.0,16.0,1.0,1.0,0.0,0.0,0.0,0.5576,0.3865,0.0,0.0,0.0,0.1,0.07,0.06,11.0,-0.0,160.0,0,6,342.26,125.0,0.0,0.0,0.0,0.0,0.0,0.0,0.0,148.0,18.0,Sprint of large group,4.6,1.0,🟢  Plat/Sprint,0
2024-09-28,2024,gp-cerami,result,,Metec - SOLARWATT p/b Mantel,0,1.2,,,0.0,,,,,,,0.0,0.0,0.0,0.0,0.0,,158.97,118.0,33.1,7.41,0.0,0.0,112.0,12.9,10.3,23.4,0.0,0.0,0.0,0.0,0.0,1148.0,1077.0,152.0,33.0,4.0,0.0,0.0,0.0,0.0,0.937,0.0,0.0,0.0,0.0,2.1,0.2,0.1,68.0,0.1,416.0,0,5,199.06,40.0,3.632,0.0,1.816,0.0,0.0,0.0,0.0,18.0,13.0,Sprint of large group,0.0,1.0,🟢  Plat/Sprint,0
2024-10-01,2024,tour-of-croatia,stage,1.0,Metec - SOLARWATT p/b Mantel,1,2.1,FIN,89.0,0.0,56.0,0.0,,,,,0.0,-15.0,0.0,0.0,0.0,1.0,163.26,162.0,0.419,0.193,0.0,0.0,93.7,0.522,67.6,0.0,0.217,0.0,0.137,1.28,0.0,2283.0,2002.0,925.0,0.0,1.0,2.0,0.0,0.0,1.0,0.6119,0.6119,0.6119,0.6119,0.6119,-0.7,-0.23,0.06,60.0,0.22,801.0,1,5,199.06,14.0,0.0,0.0,0.0,0.0,0.0,0.0,0.0,222.0,19.0,Sprint of large group,1.4,2.0,⛰️  Moy. montagne,0
2024-10-02,2024,elfsteden-race,result,,Metec - SOLARWATT p/b Mantel,0,1.1,,,0.0,,,,,,,0.0,0.0,0.0,0.0,0.0,,200.19,147.0,35.7,9.78,0.529,0.446,125.0,2.1,1.61,44.8,6.15,0.0,7.74,1.92,0.21,121.0,122.0,14.0,-4.0,0.0,0.0,0.0,0.0,0.0,0.0,0.0,0.0,0.0,0.0,0.1,-0.03,0.04,35.0,0.01,31.0,0,6,362.32,125.0,1.566,0.0,0.033,0.0,0.0,0.0,0.0,116.0,13.0,4 km solo,0.0,1.0,🟢  Plat/Sprint,0
2024-10-02,2024,tour-of-croatia,stage,2.0,Metec - SOLARWATT p/b Mantel,1,2.1,FIN,102.0,0.0,56.0,0.0,,,,,-15.0,-15.0,0.0,0.0,0.0,2.0,114.77,112.0,2.85,0.0,0.0,0.0,1.26,0.0,111.0,2.77,0.0,0.0,0.0,0.0,0.0,1001.0,988.0,166.0,0.0,2.0,2.0,0.0,0.0,0.0,0.831,0.7306,0.0,0.0,0.0,-1.7,0.1,-0.04,65.0,0.27,439.0,1,6,362.32,14.0,0.0,0.0,0.0,0.0,0.0,0.0,0.0,222.0,22.0,Sprint of large group,0.0,1.0,🟢  Plat/Sprint,0
2024-10-03,2024,tour-of-croatia,stage,3.0,Metec - SOLARWATT p/b Mantel,1,2.1,FIN,21.0,0.0,56.0,0.0,,,,,0.0,-15.0,0.0,0.0,0.0,3.0,89.4,81.7,2.23,0.0,0.0,0.0,37.2,2.02,43.0,0.0,5.39,0.0,1.9,1.88,0.0,1510.0,1507.0,551.0,6.0,2.0,2.0,1.0,0.0,0.0,0.9425,0.6348,0.6348,0.0,0.0,-3.4,-1.23,-0.46,83.0,0.77,1068.0,1,7,477.09,14.0,0.0,0.0,0.0,0.0,0.0,0.0,0.0,222.0,12.0,41.5 km solo,1.4,2.0,⛰️  Moy. montagne,0
2024-10-04,2024,tour-of-croatia,stage,4.0,Metec - SOLARWATT p/b Mantel,1,2.1,FIN,109.0,0.0,56.0,0.0,,,,,0.0,-15.0,0.0,0.0,0.0,4.0,160.27,139.0,1.22,0.908,2.72,0.0,89.6,0.689,50.0,0.0,17.2,0.0,17.0,2.25,1.02,2966.0,2698.0,967.0,0.0,4.0,5.0,0.0,0.0,1.0,0.9997,0.9163,0.6376,0.6376,0.6376,7.0,2.77,1.28,115.0,-0.02,756.0,1,8,566.49,14.0,0.905,0.0,0.905,0.0,0.452,0.0,0.0,222.0,13.0,Sprint of small group,1.4,2.0,⛰️  Moy. montagne,0
2024-10-05,2024,tour-of-croatia,stage,5.0,Metec - SOLARWATT p/b Mantel,1,2.1,FIN,37.0,0.0,56.0,0.0,,,,,0.0,-15.0,0.0,0.0,0.0,5.0,100.55,100.0,0.594,0.0,0.0,0.0,58.6,2.86,39.0,0.203,0.0,0.0,0.0,0.0,0.0,1086.0,1178.0,415.0,110.0,2.0,1.0,0.0,0.0,0.0,0.8211,0.2325,0.0,0.0,0.0,0.1,-0.93,-0.14,203.0,0.0,481.0,1,9,726.76,14.0,0.0,0.0,0.0,0.0,0.0,0.0,0.0,222.0,11.0,Sprint of large group,-3.0,1.0,🟢  Plat/Sprint,0
2024-10-06,2024,tour-of-croatia,stage,6.0,Metec - SOLARWATT p/b Mantel,1,2.1,FIN,90.0,0.0,56.0,0.0,,,,,0.0,-15.0,0.0,0.0,0.0,6.0,158.08,129.0,3.91,0.0,1.95,0.0,61.1,3.7,21.6,8.58,23.3,0.829,24.3,5.44,0.901,539.0,560.0,200.0,99.0,1.0,0.0,0.0,0.0,0.0,0.6927,0.0,0.0,0.0,0.0,0.1,0.1,0.02,38.0,-0.05,88.0,1,9,827.31,14.0,0.0,0.0,0.0,0.0,0.0,0.0,0.0,222.0,15.0,Sprint of large group,-3.0,1.0,🟢  Plat/Sprint,0
2025-01-24,2025,classica-camp-de-morvedre,result,,Euskaltel - Euskadi,0,1.2,,,0.0,,,,,,,0.0,0.0,0.0,0.0,0.0,,178.42,158.0,19.5,0.0,0.0,0.0,168.0,3.8,5.35,0.409,0.0,0.0,0.0,0.0,0.0,2086.0,2113.0,593.0,5.0,1.0,1.0,2.0,0.0,0.0,0.878,0.878,0.878,0.0,0.0,-0.9,-1.87,-1.24,24.0,-0.07,416.0,0,0,0.0,40.0,0.0,0.0,0.0,0.0,0.0,0.0,0.0,64.0,21.0,20 km solo,-0.4,2.0,⛰️  Moy. montagne,0
2025-01-25,2025,ruta-de-la-ceramica-gran-premio-castellon,result,,Euskaltel - Euskadi,0,1.1,,,0.0,,,,,,,0.0,0.0,0.0,0.0,0.0,,171.23,150.0,18.1,0.0,0.0,0.0,113.0,3.82,41.7,8.89,3.33,0.0,3.35,0.634,0.0,2346.0,2170.0,839.0,28.0,3.0,1.0,0.0,0.0,1.0,0.906,0.906,0.3093,0.3093,0.3093,-0.1,-0.13,-0.62,33.0,0.76,790.0,0,0,0.0,125.0,0.0,0.0,0.0,0.0,0.0,0.0,0.0,246.0,17.0,Sprint of small group,-1.0,2.0,⛰️  Moy. montagne,0
2025-01-26,2025,gp-de-valence,result,,Euskaltel - Euskadi,0,1.1,,,0.0,,,,,,,3.0,3.0,0.0,0.0,0.0,,185.28,179.0,5.36,0.0,0.0,0.0,120.0,5.54,59.0,0.0,0.0,0.0,0.0,0.0,0.0,2153.0,1922.0,622.0,0.0,2.0,1.0,3.0,0.0,0.0,0.9455,0.9455,0.9455,0.0,0.0,0.0,-1.23,-1.2,32.0,0.04,50.0,0,0,0.0,125.0,0.0,0.0,0.0,0.0,0.0,0.0,0.0,308.0,17.0,Sprint à deux,2.0,2.0,⛰️  Moy. montagne,0
2025-01-29,2025,trofeo-calvia,result,,Euskaltel - Euskadi,0,1.1,,,0.0,,,,,,,3.0,3.0,0.0,0.0,0.0,,149.09,148.0,0.319,0.0,0.0,0.0,138.0,0.588,4.64,5.15,0.32,0.0,0.32,0.0,0.0,3093.0,3101.0,502.0,8.0,4.0,2.0,3.0,0.0,0.0,0.9249,0.848,0.6147,0.0,0.0,0.7,-2.23,-1.62,69.0,0.29,1072.0,0,0,0.0,125.0,0.0,0.0,0.0,0.0,0.0,0.0,0.0,291.0,14.0,0.8 km solo,2.6,2.0,⛰️  Moy. montagne,0
2025-01-30,2025,trofeo-ses-salines-felanitx,result,,Euskaltel - Euskadi,0,1.1,,,0.0,,,,,,,0.0,0.0,0.0,0.0,0.0,,185.65,174.0,11.6,0.0,0.0,0.0,125.0,0.883,47.0,12.7,0.0,0.0,0.0,0.0,0.0,1036.0,1070.0,177.0,0.0,0.0,2.0,0.0,0.0,0.0,0.7658,0.7658,0.0,0.0,0.0,0.5,-0.23,-0.3,28.0,0.03,199.0,1,0,0.0,125.0,0.0,0.0,0.0,0.0,0.0,0.0,0.0,265.0,15.0,Sprint of large group,0.0,1.0,🟢  Plat/Sprint,0
2025-01-31,2025,deia-trophy,result,,Euskaltel - Euskadi,0,1.1,,,0.0,,,,,,,0.0,0.0,0.0,0.0,0.0,,149.88,148.0,1.02,0.0,0.0,0.0,110.0,1.61,17.1,20.6,0.32,0.0,0.424,0.0,0.0,2097.0,2408.0,882.0,0.0,1.0,0.0,1.0,0.0,1.0,0.7948,0.7948,0.7948,0.5401,0.5401,2.5,0.83,0.42,106.0,-0.96,192.0,1,0,0.0,125.0,0.0,0.0,0.0,0.0,0.0,0.0,0.0,367.0,11.0,3.4 km solo,3.2,2.0,⛰️  Moy. montagne,0
2025-02-01,2025,trofeo-pollenca-port-d-andratx,result,,Euskaltel - Euskadi,0,1.1,,,0.0,,,,,,,0.0,0.0,0.0,0.0,0.0,,,,,,,,,,,,,,,,,,,,,0.0,0.0,0.0,0.0,0.0,,,,,,,,,,,,0,0,0.0,,,,,,,,,288.0,12.0,-,,,,0
2025-02-02,2025,trofeo-palma,result,,Euskaltel - Euskadi,0,1.1,,,0.0,,,,,,,6.0,6.0,0.0,0.0,0.0,,149.8,140.0,5.26,3.71,0.0,0.0,49.0,2.57,88.4,5.77,1.61,0.0,1.55,3.36,0.0,989.0,997.0,250.0,0.0,2.0,1.0,0.0,0.0,0.0,0.6785,0.0891,0.0,0.0,0.0,-0.4,-0.07,0.0,43.0,0.13,443.0,1,0,0.0,125.0,3.414,0.0,2.276,0.0,1.138,0.0,0.0,228.0,12.0,0.4 km solo,0.0,1.0,🟢  Plat/Sprint,0
2025-02-02,2025,gp-d-ouverture,result,,Euskaltel - Euskadi,0,1.1,,,0.0,,,,,,,45.0,45.0,0.0,0.0,0.0,,164.42,162.0,2.12,0.0,0.0,0.0,122.0,1.31,37.7,3.25,0.0,0.0,0.0,0.0,0.0,2830.0,2886.0,730.0,32.0,2.0,3.0,3.0,0.0,0.0,0.9477,0.9477,0.8198,0.0,0.0,2.2,0.3,-1.72,44.0,0.28,839.0,0,0,0.0,125.0,0.0,0.0,0.0,0.0,0.0,0.0,0.0,132.0,12.0,Sprint of 33 riders,1.2,2.0,⛰️  Moy. montagne,0
2025-02-06,2025,vuelta-a-la-comunidad-valenciana,stage,2.0,Euskaltel - Euskadi,0,2.Pro,,,0.0,,,,,,,0.0,14.0,11.0,0.0,0.0,2.0,165.73,161.0,4.24,0.0,0.0,0.0,102.0,0.0,60.5,3.11,0.0,0.0,0.0,0.0,0.0,3312.0,2514.0,1033.0,2.0,5.0,0.0,2.0,0.0,1.0,0.9999,0.9999,0.9999,0.9999,0.9999,12.1,10.13,8.72,379.0,-0.35,765.0,1,0,0.0,20.0,0.0,0.0,0.0,0.0,0.0,0.0,0.0,499.0,13.0,0.5 km solo,1.6,3.0,🏔️  Haute montagne,0
2025-02-07,2025,vuelta-a-la-comunidad-valenciana,stage,3.0,Euskaltel - Euskadi,0,2.Pro,,,0.0,,,,,,,0.0,14.0,11.0,0.0,0.0,3.0,180.73,166.0,15.1,0.0,0.0,0.0,116.0,0.764,63.5,0.181,0.0,0.0,0.0,0.0,0.0,2974.0,2039.0,1091.0,21.0,3.0,1.0,0.0,1.0,1.0,0.9986,0.9568,0.9568,0.9568,0.5594,5.0,-0.17,-0.02,95.0,0.4,428.0,1,0,0.0,20.0,0.0,0.0,0.0,0.0,0.0,0.0,0.0,499.0,14.0,17 km solo,10.2,2.0,⛰️  Moy. montagne,0
2025-02-08,2025,vuelta-a-la-comunidad-valenciana,stage,4.0,Euskaltel - Euskadi,0,2.Pro,,,0.0,,,,,,,0.0,14.0,11.0,0.0,0.0,4.0,181.4,174.0,2.98,0.28,0.0,4.52,150.0,0.675,30.5,0.0,0.0,0.0,0.0,0.0,0.0,3589.0,2520.0,1512.0,3.0,7.0,1.0,1.0,0.0,1.0,0.9386,0.8344,0.8344,0.8344,0.8344,3.7,1.5,-0.18,76.0,1.2,1006.0,1,0,0.0,20.0,0.0,0.0,0.0,0.0,0.0,0.0,0.0,499.0,10.0,0.4 km solo,10.2,2.0,⛰️  Moy. montagne,0
2025-02-09,2025,vuelta-a-la-comunidad-valenciana,stage,5.0,Euskaltel - Euskadi,0,2.Pro,,,0.0,,,,,,,3.0,14.0,11.0,0.0,0.0,5.0,104.13,86.5,11.2,0.0,4.47,0.0,54.5,2.49,39.4,0.0,0.0,0.0,1.35,7.02,0.0,80.0,85.0,15.0,0.0,0.0,0.0,0.0,0.0,0.0,0.0,0.0,0.0,0.0,0.0,-0.2,-0.07,0.0,4.0,-0.01,52.0,1,0,0.0,20.0,0.0,0.0,0.0,0.0,0.0,0.0,0.0,499.0,16.0,Sprint of large group,1.2,1.0,🟢  Plat/Sprint,0
2025-02-15,2025,vuelta-ciclista-a-la-region-de-murcia,result,,Euskaltel - Euskadi,0,1.1,,,0.0,,,,,,,0.0,0.0,0.0,0.0,0.0,,199.65,190.0,7.37,1.21,0.0,0.0,89.5,5.8,98.1,3.27,0.697,0.0,0.329,0.0,0.0,2400.0,2820.0,1198.0,40.0,4.0,2.0,0.0,0.0,1.0,0.9193,0.9193,0.4202,0.4202,0.4202,0.3,0.1,0.06,10.0,0.0,453.0,1,0,0.0,125.0,0.99,0.0,0.44,0.0,0.44,0.0,0.0,192.0,19.0,Sprint of small group,9.6,2.0,⛰️  Moy. montagne,0
2025-02-16,2025,clasica-de-almeria,result,,Euskaltel - Euskadi,0,1.Pro,,,0.0,,,,,,,20.0,20.0,0.0,0.0,0.0,,189.41,158.0,9.68,0.0,2.32,0.0,149.0,2.58,16.4,1.13,19.3,0.0,19.6,1.06,0.0,1684.0,1727.0,528.0,-1.0,1.0,0.0,2.0,0.0,0.0,0.7597,0.546,0.546,0.0,0.0,0.1,-0.03,0.0,5.0,0.77,634.0,1,0,0.0,200.0,0.0,0.0,0.0,0.0,0.0,0.0,0.0,177.0,18.0,Sprint of large group,9.0,2.0,⛰️  Moy. montagne,0
2025-02-16,2025,figueira-champions-classic,result,,Euskaltel - Euskadi,0,1.Pro,,,0.0,,,,,,,15.0,15.0,0.0,0.0,0.0,,190.43,171.0,18.9,0.0,0.0,0.0,152.0,23.7,11.3,3.27,0.798,0.0,0.798,0.0,0.0,2236.0,2227.0,215.0,0.0,7.0,3.0,0.0,0.0,0.0,0.9626,0.8909,0.0,0.0,0.0,0.5,0.17,-0.96,15.0,0.0,474.0,0,0,0.0,200.0,0.0,0.0,0.0,0.0,0.0,0.0,0.0,312.0,14.0,20.5 km solo,13.0,2.0,⛰️  Moy. montagne,0
2025-02-17,2025,clasica-jaen-paraiso-interior,result,,Euskaltel - Euskadi,0,1.1,,,0.0,,,,,,,0.0,0.0,0.0,0.0,0.0,,171.63,135.0,10.6,1.59,21.9,0.674,45.1,11.9,88.9,0.305,1.41,0.0,1.55,24.2,0.0,2542.0,2561.0,797.0,265.0,5.0,0.0,3.0,0.0,0.0,0.9418,0.8437,0.8437,0.0,0.0,1.3,1.77,1.1,81.0,-0.68,435.0,1,0,0.0,125.0,1.661,0.636,0.0,0.318,0.0,0.044,0.0,211.0,18.0,12.1 km solo,7.0,2.0,⛰️  Moy. montagne,0
2025-02-19,2025,ruta-del-sol,stage,1.0,Euskaltel - Euskadi,0,2.Pro,,,0.0,,,,,,,0.0,5.0,5.0,0.0,0.0,1.0,163.84,164.0,0.195,0.0,0.0,0.0,133.0,0.112,30.7,0.0,0.0,0.0,0.0,0.0,0.0,3114.0,2995.0,694.0,4.0,1.0,2.0,1.0,2.0,0.0,0.9997,0.8759,0.5902,0.5902,0.0,4.5,2.1,1.26,105.0,0.32,999.0,0,0,0.0,20.0,0.0,0.0,0.0,0.0,0.0,0.0,0.0,298.0,17.0,Sprint à deux,7.0,2.0,⛰️  Moy. montagne,0
2025-02-20,2025,ruta-del-sol,stage,2.0,Euskaltel - Euskadi,0,2.Pro,,,0.0,,,,,,,0.0,5.0,5.0,0.0,0.0,2.0,133.31,118.0,4.47,0.0,1.42,2.19,109.0,3.81,8.2,0.0,7.62,0.0,7.85,5.27,0.0,2462.0,2347.0,1172.0,566.0,1.0,2.0,3.0,0.0,0.0,0.9994,0.8622,0.6869,0.0,0.0,8.8,4.27,2.78,267.0,0.2,880.0,0,0,0.0,20.0,0.092,2.271,0.092,2.271,0.0,0.994,0.0,298.0,18.0,Sprint of 5 riders,1.6,3.0,🏔️  Haute montagne,0
2025-02-21,2025,ruta-del-sol,stage,3.0,Euskaltel - Euskadi,0,2.Pro,,,0.0,,,,,,,0.0,5.0,5.0,0.0,0.0,3.0,162.83,160.0,2.83,0.251,0.0,0.0,160.0,3.28,0.0,0.0,0.0,0.0,0.0,0.0,0.0,1166.0,944.0,772.0,189.0,0.0,1.0,1.0,0.0,0.0,0.9993,0.9993,0.5046,0.0,0.0,2.6,1.43,0.96,208.0,0.59,669.0,0,0,0.0,20.0,0.0,0.0,0.0,0.0,0.0,0.0,0.0,298.0,15.0,Sprint of 31 riders,1.8,1.0,🟢  Plat/Sprint,0
2025-02-22,2025,ruta-del-sol,stage,4.0,Euskaltel - Euskadi,0,2.Pro,,,0.0,,,,,,,0.0,5.0,5.0,0.0,0.0,4.0,195.01,191.0,2.6,0.0,0.0,0.0,89.7,1.95,103.0,0.0,0.658,0.0,0.961,0.0,0.0,1494.0,1571.0,655.0,25.0,4.0,1.0,1.0,0.0,0.0,0.603,0.603,0.603,0.0,0.0,2.2,0.87,0.42,84.0,0.39,389.0,0,0,0.0,20.0,0.0,0.0,0.0,0.0,0.0,0.0,0.0,298.0,14.0,1.9 km solo,7.0,2.0,⛰️  Moy. montagne,0
2025-02-23,2025,ruta-del-sol,stage,5.0,Euskaltel - Euskadi,0,2.Pro,,,0.0,,,,,,,0.0,5.0,5.0,0.0,0.0,5.0,168.06,168.0,0.487,0.0,0.0,0.0,114.0,0.0,53.3,0.372,0.0,0.0,0.0,0.603,0.0,2538.0,2597.0,1124.0,2.0,0.0,2.0,1.0,0.0,1.0,0.6133,0.6133,0.6133,0.3084,0.3084,0.1,0.0,0.04,21.0,1.28,1381.0,0,0,0.0,20.0,0.0,0.0,0.0,0.0,0.0,0.0,0.0,298.0,15.0,Sprint of 3 riders,7.0,2.0,⛰️  Moy. montagne,0
2025-02-26,2025,gran-camino,stage,1.0,Euskaltel - Euskadi,0,2.1,,,0.0,,,,,,,0.0,8.0,8.0,0.0,0.0,1.0,189.64,184.0,0.987,3.93,0.0,0.0,47.0,1.28,141.0,0.287,0.247,0.0,0.247,0.0,0.0,1738.0,1820.0,277.0,0.0,2.0,3.0,0.0,0.0,0.0,0.7252,0.7252,0.0,0.0,0.0,-0.1,-0.13,-0.24,73.0,0.23,752.0,0,0,0.0,14.0,3.525,0.0,0.498,0.0,0.0,0.0,0.0,112.0,14.0,Sprint of large group,3.0,2.0,⛰️  Moy. montagne,0
2025-02-27,2025,gran-camino,stage,2.0,Euskaltel - Euskadi,0,2.1,,,0.0,,,,,,,0.0,8.0,8.0,0.0,0.0,2.0,133.05,118.0,14.0,0.29,0.0,0.0,97.9,2.19,31.7,0.0,0.768,0.0,0.0,0.787,0.0,2325.0,2075.0,404.0,28.0,5.0,2.0,2.0,0.0,0.0,0.9993,0.9993,0.4623,0.0,0.0,6.1,4.5,2.06,499.0,0.26,904.0,0,0,0.0,14.0,0.0,0.0,0.0,0.0,0.0,0.0,0.0,112.0,11.0,Sprint of small group,0.0,2.0,⛰️  Moy. montagne,0
2025-02-28,2025,gran-camino,stage,3.0,Euskaltel - Euskadi,0,2.1,,,0.0,,,,,,,0.0,8.0,8.0,0.0,0.0,3.0,15.57,14.7,0.527,0.321,0.0,0.0,13.0,1.64,0.576,0.384,0.0,0.0,0.0,0.0,0.0,397.0,180.0,422.0,100.0,0.0,0.0,1.0,0.0,0.0,0.685,0.685,0.685,0.0,0.0,-5.9,-2.03,-1.7,397.0,1.39,397.0,0,0,0.0,14.0,0.0,0.0,0.0,0.0,0.0,0.0,0.0,112.0,15.0,Time trial,1.8,1.0,🟢  Plat/Sprint,0
2025-03-01,2025,gran-camino,stage,4.0,Euskaltel - Euskadi,0,2.1,,,0.0,,,,,,,0.0,8.0,8.0,0.0,0.0,4.0,137.28,131.0,6.42,0.0,0.0,0.0,73.3,1.17,62.9,0.0,0.0,0.113,0.0,0.0,0.0,2797.0,1893.0,1304.0,297.0,1.0,3.0,1.0,0.0,1.0,0.9993,0.9993,0.9993,0.9993,0.9993,3.0,4.3,4.08,637.0,0.01,531.0,0,0,0.0,14.0,0.0,0.0,0.0,0.0,0.0,0.0,0.0,112.0,14.0,Sprint à deux,1.6,3.0,🏔️  Haute montagne,0
2025-03-02,2025,gran-camino,stage,5.0,Euskaltel - Euskadi,0,2.1,,,0.0,,,,,,,0.0,8.0,8.0,0.0,0.0,5.0,166.35,140.0,18.5,0.39,1.61,2.68,69.9,9.9,81.1,0.222,2.17,0.0,3.16,3.5,0.0,2473.0,2360.0,460.0,6.0,1.0,4.0,1.0,0.0,0.0,0.9995,0.9995,0.0777,0.0,0.0,3.1,1.67,0.16,261.0,0.42,841.0,0,0,0.0,14.0,0.013,1.783,0.013,1.783,0.0,1.39,0.0,112.0,10.0,Sprint of small group,0.0,2.0,⛰️  Moy. montagne,0
2025-03-04,2025,gp-samyn,result,,Euskaltel - Euskadi,0,1.1,,,0.0,,,,,,,0.0,0.0,0.0,0.0,0.0,,198.32,136.0,43.8,14.6,0.409,0.0,131.0,18.3,7.61,35.7,2.15,0.0,3.25,0.0,0.585,1080.0,1023.0,136.0,17.0,3.0,0.0,0.0,0.0,0.0,0.8567,0.0,0.0,0.0,0.0,3.1,1.5,0.5,187.0,0.03,200.0,1,0,0.0,125.0,5.65,0.0,2.012,0.0,1.035,0.0,0.0,256.0,12.0,Sprint of small group,1.8,1.0,🟢  Plat/Sprint,0
2025-03-08,2025,grand-prix-criquielion,result,,Euskaltel - Euskadi,0,1.1,,,0.0,,,,,,,20.0,20.0,0.0,0.0,0.0,,201.94,127.0,69.3,3.96,0.0,0.0,129.0,23.5,2.46,45.5,1.06,0.0,1.06,0.0,0.0,2225.0,2209.0,122.0,-10.0,7.0,0.0,0.0,0.0,0.0,0.9378,0.0,0.0,0.0,0.0,1.0,0.0,0.14,144.0,0.03,521.0,1,0,0.0,125.0,1.235,0.0,0.617,0.0,0.617,0.0,0.0,149.0,18.0,Sprint of large group,0.0,2.0,⛰️  Moy. montagne,0
2025-03-09,2025,grote-prijs-jean-pierre-monsere,result,,Metec - SOLARWATT p/b Mantel,0,1.1,,,0.0,,,,,,,0.0,0.0,0.0,0.0,0.0,,201.74,113.0,83.0,3.95,0.0,0.0,69.5,23.1,3.85,86.7,1.44,0.0,2.53,0.0,0.0,686.0,713.0,48.0,3.0,0.0,0.0,0.0,0.0,0.0,0.0,0.0,0.0,0.0,0.0,-0.4,-0.07,-0.12,45.0,-0.05,163.0,0,0,0.0,125.0,1.101,0.0,0.0,0.0,0.0,0.0,0.0,152.0,18.0,6.4 km solo,0.0,1.0,🟢  Plat/Sprint,1
2025-03-09,2025,grote-prijs-jean-pierre-monsere,result,,Euskaltel - Euskadi,0,1.1,,,0.0,,,,,,,6.0,6.0,0.0,0.0,0.0,,201.74,113.0,83.0,3.95,0.0,0.0,69.5,23.1,3.85,86.7,1.44,0.0,2.53,0.0,0.0,686.0,713.0,48.0,3.0,0.0,0.0,0.0,0.0,0.0,0.0,0.0,0.0,0.0,0.0,-0.4,-0.07,-0.12,45.0,-0.05,163.0,1,0,0.0,125.0,1.101,0.0,0.0,0.0,0.0,0.0,0.0,152.0,18.0,6.4 km solo,1.8,1.0,🟢  Plat/Sprint,0
2025-03-09,2025,dorpenomloop-rucphen,result,,Metec - SOLARWATT p/b Mantel,1,1.2,FIN,17.0,0.0,,,,,,,15.0,15.0,0.0,0.0,0.0,,180.6,98.9,69.8,0.0,4.92,0.0,87.2,0.607,0.0,55.7,7.76,0.0,8.24,3.07,1.85,429.0,429.0,22.0,4.0,0.0,0.0,0.0,0.0,0.0,0.0,0.0,0.0,0.0,0.0,-0.3,-0.03,-0.06,64.0,-0.01,118.0,1,0,0.0,40.0,0.0,0.0,0.0,0.0,0.0,0.0,0.0,4.0,18.0,Sprint of small group,-3.0,1.0,🟢  Plat/Sprint,1
2025-03-16,2025,tour-de-taiwan,stage,1.0,Euskaltel - Euskadi,0,2.1,,,0.0,,,,,,,5.0,127.0,100.0,0.0,0.0,1.0,83.4,60.0,5.77,4.96,0.0,0.0,56.1,0.611,1.77,10.4,6.94,0.0,14.6,9.6,0.0,688.0,688.0,27.0,7.0,0.0,0.0,0.0,0.0,0.0,0.0,0.0,0.0,0.0,0.0,1.0,0.13,0.08,299.0,-0.01,409.0,0,1,180.6,14.0,4.53,0.0,1.812,0.0,0.906,0.0,0.0,47.0,14.0,Sprint of large group,1.8,1.0,🟢  Plat/Sprint,0
2025-03-17,2025,tour-de-taiwan,stage,2.0,Euskaltel - Euskadi,0,2.1,,,0.0,,,,,,,5.0,127.0,100.0,0.0,0.0,2.0,123.42,110.0,12.3,0.0,0.0,0.0,33.6,2.03,82.1,5.4,0.682,0.0,1.25,0.0,0.0,1195.0,832.0,453.0,2.0,1.0,1.0,1.0,0.0,0.0,0.9761,0.9761,0.9761,0.0,0.0,-0.7,0.17,2.26,127.0,-0.15,126.0,0,1,180.6,14.0,0.0,0.0,0.0,0.0,0.0,0.0,0.0,47.0,13.0,Sprint of 3 riders,2.2,1.0,🟢  Plat/Sprint,0
2025-03-18,2025,tour-de-taiwan,stage,3.0,Euskaltel - Euskadi,0,2.1,,,0.0,,,,,,,0.0,127.0,100.0,0.0,0.0,3.0,153.48,152.0,0.713,0.259,0.0,0.0,69.8,0.797,76.2,6.54,0.0,0.0,0.0,0.0,0.0,2400.0,2147.0,770.0,41.0,2.0,2.0,1.0,1.0,0.0,0.9229,0.9229,0.9229,0.5216,0.0,-1.2,-0.97,-0.94,145.0,0.1,502.0,0,1,180.6,14.0,0.0,0.0,0.0,0.0,0.0,0.0,0.0,47.0,15.0,Sprint of 19 riders,4.0,2.0,⛰️  Moy. montagne,0
2025-03-19,2025,nokere-koerse,result,,Euskaltel - Euskadi,0,1.Pro,,,0.0,,,,,,,5.0,5.0,0.0,0.0,0.0,,188.09,97.3,69.1,21.2,0.401,0.0,104.0,16.2,4.36,53.4,0.216,0.0,0.289,0.426,0.0,1243.0,1197.0,97.0,4.0,1.0,0.0,0.0,0.0,0.0,0.2475,0.0,0.0,0.0,0.0,4.0,1.4,0.4,170.0,0.11,385.0,1,1,180.6,200.0,9.094,0.0,4.462,0.0,1.319,0.0,0.0,242.0,17.0,Sprint of 19 riders,3.2,1.0,🟢  Plat/Sprint,0
2025-03-19,2025,tour-de-taiwan,stage,4.0,Euskaltel - Euskadi,0,2.1,,,0.0,,,,,,,3.0,127.0,100.0,0.0,0.0,4.0,147.38,146.0,1.37,0.0,0.0,0.0,23.3,1.03,117.0,5.3,0.381,0.0,0.41,0.255,0.0,1316.0,1337.0,635.0,11.0,0.0,0.0,1.0,0.0,0.0,0.5,0.5,0.5,0.0,0.0,-0.5,-0.2,-0.28,156.0,0.6,461.0,0,1,180.6,14.0,0.0,0.0,0.0,0.0,0.0,0.0,0.0,47.0,20.0,Sprint of large group,4.2,1.0,🟢  Plat/Sprint,0
2025-03-20,2025,gp-de-denain,result,,Euskaltel - Euskadi,0,1.Pro,,,0.0,,,,,,,0.0,0.0,0.0,0.0,0.0,,195.87,162.0,10.0,22.2,0.221,1.27,160.0,12.5,8.78,9.44,0.0,0.0,0.0,4.95,0.0,1038.0,1038.0,115.0,20.0,1.0,0.0,0.0,0.0,0.0,0.6182,0.0,0.0,0.0,0.0,-0.1,-0.1,-0.08,72.0,0.0,217.0,1,1,180.6,200.0,11.237,0.36,2.151,0.0,1.344,0.0,0.0,240.0,17.0,Sprint of 8 riders,4.8,1.0,🟢  Plat/Sprint,0
2025-03-20,2025,tour-de-taiwan,stage,5.0,Euskaltel - Euskadi,0,2.1,,,0.0,,,,,,,14.0,127.0,100.0,0.0,0.0,5.0,122.57,119.0,2.55,0.0,0.0,0.0,42.5,1.59,77.9,0.246,0.197,0.0,0.279,0.0,0.0,351.0,370.0,161.0,8.0,1.0,0.0,0.0,0.0,0.0,0.2157,0.0,0.0,0.0,0.0,-0.1,-0.27,-0.04,93.0,-0.04,204.0,0,1,180.6,14.0,0.0,0.0,0.0,0.0,0.0,0.0,0.0,47.0,22.0,Sprint of large group,3.6,1.0,🟢  Plat/Sprint,0
2025-03-21,2025,bredene-koksijde-classic,result,,Euskaltel - Euskadi,0,1.Pro,,,0.0,,,,,,,0.0,0.0,0.0,0.0,0.0,,200.29,141.0,56.6,2.14,0.0,0.0,111.0,9.08,2.85,50.0,0.224,0.0,1.12,0.0,0.0,866.0,854.0,158.0,-3.0,2.0,1.0,0.0,0.0,0.0,0.4769,0.3604,0.0,0.0,0.0,0.1,0.17,0.1,38.0,0.01,69.0,1,1,180.6,200.0,0.325,0.0,0.0,0.0,0.0,0.0,0.0,213.0,18.0,Sprint of 26 riders,5.4,1.0,🟢  Plat/Sprint,0
2025-03-23,2025,cholet-pays-de-loire,result,,Euskaltel - Euskadi,0,1.1,,,0.0,,,,,,,26.0,26.0,0.0,0.0,0.0,,208.76,164.0,42.5,0.0,0.585,0.0,159.0,23.3,4.01,19.9,2.0,0.887,2.75,0.321,0.471,1760.0,1810.0,191.0,51.0,2.0,0.0,0.0,0.0,0.0,0.5598,0.0,0.0,0.0,0.0,0.7,-0.23,0.12,82.0,0.05,463.0,1,1,180.6,125.0,0.0,0.0,0.0,0.0,0.0,0.0,0.0,119.0,10.0,Sprint of 3 riders,4.4,1.0,🟢  Plat/Sprint,0
2025-03-24,2025,volta-a-catalunya,stage,1.0,Euskaltel - Euskadi,0,2.UWT,,,0.0,,,,,,,0.0,0.0,0.0,0.0,0.0,1.0,176.57,170.0,2.28,0.625,0.177,0.545,151.0,4.65,16.0,0.315,3.43,0.0,2.99,1.17,0.177,2626.0,2588.0,360.0,4.0,6.0,2.0,1.0,0.0,0.0,0.9383,0.7219,0.2872,0.0,0.0,3.0,-1.67,-1.42,75.0,0.17,676.0,0,1,180.6,50.0,0.265,0.0,0.265,0.0,0.265,0.0,0.0,645.0,12.0,Sprint of small group,4.0,2.0,⛰️  Moy. montagne,0
2025-03-25,2025,volta-a-catalunya,stage,2.0,Euskaltel - Euskadi,0,2.UWT,,,0.0,,,,,,,0.0,0.0,0.0,0.0,0.0,2.0,180.3,173.0,7.25,0.0,0.412,0.0,128.0,2.25,49.9,0.366,0.0,0.0,0.0,0.0,0.0,1808.0,1868.0,493.0,4.0,0.0,2.0,1.0,0.0,0.0,0.8574,0.8574,0.5178,0.0,0.0,2.3,0.6,0.18,116.0,-0.21,223.0,0,1,180.6,50.0,0.0,0.0,0.0,0.0,0.0,0.0,0.0,645.0,17.0,Sprint of large group,4.0,2.0,⛰️  Moy. montagne,0
2025-03-26,2025,volta-ao-alentejo,stage,1.0,Euskaltel - Euskadi,0,2.2,,,0.0,,,,,,,0.0,23.0,20.0,0.0,0.0,1.0,166.31,158.0,7.87,0.382,0.0,0.0,113.0,4.88,48.5,0.0,0.0,0.0,0.0,0.0,0.0,1152.0,1181.0,341.0,105.0,2.0,1.0,0.0,0.0,0.0,0.8149,0.2355,0.0,0.0,0.0,4.6,1.43,0.94,295.0,0.17,378.0,1,1,180.6,7.0,0.0,0.0,0.0,0.0,0.0,0.0,0.0,23.0,18.0,Sprint of large group,8.6,1.0,🟢  Plat/Sprint,0
2025-03-26,2025,volta-a-catalunya,stage,3.0,Euskaltel - Euskadi,0,2.UWT,,,0.0,,,,,,,0.0,0.0,0.0,0.0,0.0,3.0,218.42,213.0,5.16,0.0,0.213,0.0,192.0,4.1,22.0,0.0,0.552,0.0,0.0,0.213,0.0,4783.0,3104.0,1923.0,12.0,3.0,1.0,2.0,1.0,1.0,0.9991,0.9805,0.9805,0.8625,0.8625,5.2,0.37,1.4,383.0,1.17,905.0,0,1,180.6,50.0,0.0,0.0,0.0,0.0,0.0,0.0,0.0,645.0,17.0,Sprint à deux,1.6,3.0,🏔️  Haute montagne,0
2025-03-26,2025,olympias-tour,stage,1.0,Metec - SOLARWATT p/b Mantel,1,2.2,FIN,5.0,0.0,3.0,25.0,,,,,0.0,32.0,25.0,0.0,0.0,1.0,10.92,3.05,6.19,1.46,0.0,0.0,10.6,0.0,0.0,0.0,0.0,0.0,0.0,0.0,0.0,9.0,11.0,20.0,15.0,0.0,0.0,0.0,0.0,0.0,0.0,0.0,0.0,0.0,0.0,0.1,0.07,0.0,9.0,-0.02,9.0,1,1,180.6,7.0,0.0,0.0,0.0,0.0,0.0,0.0,0.0,13.0,10.0,Time trial,0.0,1.0,🟢  Plat/Sprint,1
2025-03-27,2025,olympias-tour,stage,2.0,Metec - SOLARWATT p/b Mantel,1,2.2,FIN,45.0,0.0,3.0,25.0,,,,,0.0,32.0,25.0,0.0,0.0,2.0,173.06,149.0,18.3,1.97,0.107,0.0,111.0,7.18,0.0,33.9,3.6,0.0,3.18,0.0,0.107,1833.0,1815.0,217.0,59.0,2.0,0.0,0.0,0.0,0.0,0.6817,0.0,0.0,0.0,0.0,2.1,0.0,-0.06,82.0,0.05,558.0,1,2,191.52,7.0,0.404,0.0,0.021,0.0,0.0,0.0,0.0,13.0,13.0,Sprint of small group,3.0,1.0,🟢  Plat/Sprint,1
2025-03-27,2025,volta-ao-alentejo,stage,2.0,Euskaltel - Euskadi,0,2.2,,,0.0,,,,,,,0.0,23.0,20.0,0.0,0.0,2.0,171.27,153.0,17.6,0.0,0.0,0.0,35.3,0.0,136.0,0.0,0.491,0.0,0.491,0.0,0.0,1446.0,1563.0,282.0,9.0,1.0,3.0,0.0,0.0,0.0,0.8843,0.8843,0.0,0.0,0.0,-0.5,-0.07,-0.46,320.0,-0.11,219.0,1,2,191.52,7.0,0.0,0.0,0.0,0.0,0.0,0.0,0.0,23.0,15.0,-,8.0,1.0,🟢  Plat/Sprint,0
2025-03-27,2025,volta-a-catalunya,stage,4.0,Euskaltel - Euskadi,0,2.UWT,,,0.0,,,,,,,0.0,0.0,0.0,0.0,0.0,4.0,187.52,181.0,6.66,0.106,0.304,0.0,165.0,2.66,19.9,0.112,0.0,0.0,0.0,0.304,0.0,2988.0,2479.0,757.0,131.0,2.0,3.0,3.0,0.0,0.0,0.9998,0.9998,0.9998,0.0,0.0,5.3,6.3,6.54,461.0,0.72,911.0,0,2,191.52,50.0,0.0,0.0,0.0,0.0,0.0,0.0,0.0,645.0,16.0,Sprint à deux,1.6,3.0,🏔️  Haute montagne,0
2025-03-28,2025,volta-a-catalunya,stage,5.0,Euskaltel - Euskadi,0,2.UWT,,,0.0,,,,,,,0.0,0.0,0.0,0.0,0.0,5.0,161.68,157.0,3.97,0.0,0.0,0.0,68.5,0.325,92.6,0.0,0.227,0.0,0.227,0.0,0.0,1071.0,1102.0,423.0,0.0,0.0,1.0,1.0,0.0,0.0,0.4815,0.4815,0.1306,0.0,0.0,0.1,0.03,0.02,6.0,0.01,548.0,0,3,364.58,50.0,0.0,0.0,0.0,0.0,0.0,0.0,0.0,645.0,18.0,Sprint of small group,8.0,1.0,🟢  Plat/Sprint,0
2025-03-28,2025,volta-ao-alentejo,stage,3.0,Euskaltel - Euskadi,0,2.2,,,0.0,,,,,,,3.0,23.0,20.0,0.0,0.0,3.0,179.73,178.0,0.46,0.796,0.0,0.0,74.4,0.779,104.0,0.0,0.276,0.0,0.276,0.0,0.0,1477.0,1173.0,359.0,1.0,1.0,1.0,1.0,0.0,0.0,0.9717,0.9717,0.4758,0.0,0.0,4.0,-0.33,0.92,410.0,0.2,303.0,1,3,364.58,7.0,0.0,0.0,0.0,0.0,0.0,0.0,0.0,23.0,18.0,-,5.2,1.0,🟢  Plat/Sprint,0
2025-03-28,2025,olympias-tour,stage,3.0,Metec - SOLARWATT p/b Mantel,1,2.2,FIN,12.0,0.0,3.0,25.0,,,,,0.0,32.0,25.0,0.0,0.0,3.0,149.25,122.0,23.9,3.27,0.0,0.0,119.0,2.87,0.0,22.8,0.0,0.0,4.39,0.0,0.0,245.0,245.0,7.0,0.0,0.0,0.0,0.0,0.0,0.0,0.0,0.0,0.0,0.0,0.0,0.2,0.13,0.06,35.0,0.0,81.0,1,3,364.58,7.0,0.724,0.0,0.0,0.0,0.0,0.0,0.0,13.0,13.0,Sprint of small group,3.0,1.0,🟢  Plat/Sprint,1
2025-03-29,2025,volta-ao-alentejo,stage,4.0,Euskaltel - Euskadi,0,2.2,,,0.0,,,,,,,0.0,23.0,20.0,0.0,0.0,4.0,147.6,139.0,7.26,0.9,0.0,0.0,88.7,3.38,55.5,0.0,0.0,0.0,0.0,0.0,0.0,2162.0,1909.0,852.0,264.0,1.0,4.0,1.0,0.0,0.0,0.9994,0.9994,0.3327,0.0,0.0,4.9,3.27,3.28,252.0,0.14,406.0,1,4,513.8299999999999,7.0,0.148,0.0,0.0,0.0,0.0,0.0,0.0,23.0,19.0,-,4.0,2.0,⛰️  Moy. montagne,0
2025-03-29,2025,olympias-tour,stage,4.0,Metec - SOLARWATT p/b Mantel,1,2.2,FIN,1.0,7.0,3.0,25.0,,,,,7.0,32.0,25.0,0.0,0.0,4.0,195.78,145.0,30.8,15.3,0.645,0.12,138.0,1.77,1.52,34.9,4.07,0.183,4.38,1.07,0.254,387.0,386.0,45.0,-5.0,0.0,0.0,0.0,0.0,0.0,0.0,0.0,0.0,0.0,0.0,0.0,0.03,-0.04,30.0,0.02,128.0,1,4,513.8299999999999,7.0,0.601,0.0,0.439,0.0,0.403,0.0,1.0,13.0,12.0,Sprint of small group,3.0,1.0,🟢  Plat/Sprint,1
2025-03-29,2025,volta-a-catalunya,stage,6.0,Euskaltel - Euskadi,0,2.UWT,,,0.0,,,,,,,0.0,0.0,0.0,0.0,0.0,6.0,72.33,72.1,0.0,0.0,0.0,0.0,50.8,0.18,21.2,0.0,0.193,0.0,0.0,0.0,0.0,1143.0,990.0,892.0,407.0,2.0,0.0,1.0,0.0,0.0,0.9323,0.6037,0.6037,0.0,0.0,4.9,-0.27,0.62,239.0,0.64,802.0,0,4,513.8299999999999,50.0,0.0,0.0,0.0,0.0,0.0,0.0,0.0,645.0,13.0,0.9 km solo,5.8,1.0,🟢  Plat/Sprint,0
2025-03-30,2025,volta-ao-alentejo,stage,5.0,Euskaltel - Euskadi,0,2.2,,,0.0,,,,,,,0.0,23.0,20.0,0.0,0.0,5.0,150.91,147.0,2.17,1.91,0.0,0.0,49.6,2.42,98.6,0.0,0.383,0.0,0.383,0.0,0.0,1259.0,1382.0,473.0,218.0,0.0,3.0,0.0,0.0,0.0,0.5631,0.5631,0.0,0.0,0.0,2.9,1.57,0.8,232.0,-0.19,266.0,1,5,709.6099999999999,7.0,1.902,0.0,1.902,0.0,1.902,0.0,0.0,23.0,16.0,-,0.6,1.0,🟢  Plat/Sprint,0
2025-03-30,2025,volta-a-catalunya,stage,7.0,Euskaltel - Euskadi,0,2.UWT,,,0.0,,,,,,,0.0,0.0,0.0,0.0,0.0,7.0,88.84,69.6,7.33,0.846,0.252,0.0,43.4,17.0,6.61,4.44,10.1,0.0,11.9,6.99,0.824,1516.0,1528.0,159.0,5.0,6.0,0.0,0.0,0.0,0.0,0.9357,0.0,0.0,0.0,0.0,-3.3,-0.93,-1.72,228.0,-0.0,395.0,0,5,709.6099999999999,50.0,0.567,0.0,0.283,0.0,0.051,0.0,0.0,645.0,15.0,20.6 km solo,0.6,1.0,🟢  Plat/Sprint,0
2025-03-30,2025,olympias-tour,stage,5.0,Metec - SOLARWATT p/b Mantel,1,2.2,FIN,4.0,0.0,3.0,25.0,,,,,0.0,32.0,25.0,0.0,0.0,5.0,185.36,141.0,36.3,4.19,1.86,0.254,84.0,3.51,3.65,61.8,1.96,0.206,3.05,1.77,0.909,490.0,506.0,89.0,0.0,1.0,0.0,0.0,0.0,0.0,0.4046,0.0,0.0,0.0,0.0,-0.6,0.03,0.0,43.0,-0.03,108.0,1,5,709.6099999999999,7.0,0.0,0.0,0.0,0.0,0.0,0.0,0.0,13.0,12.0,0.9 km solo,1.4,1.0,🟢  Plat/Sprint,1
2025-04-02,2025,paris-camembert,result,,Euskaltel - Euskadi,0,1.1,,,0.0,,,,,,,3.0,3.0,0.0,0.0,0.0,,199.63,173.0,26.8,0.159,0.0,0.0,149.0,1.23,49.9,0.0,0.0,0.0,0.0,0.0,0.0,1716.0,1769.0,249.0,45.0,8.0,1.0,0.0,0.0,0.0,0.9416,0.6676,0.0,0.0,0.0,0.2,-0.23,-0.18,83.0,0.09,279.0,0,6,894.9699999999999,125.0,0.0,0.0,0.0,0.0,0.0,0.0,0.0,94.0,13.0,Sprint of small group,4.0,2.0,⛰️  Moy. montagne,0
2025-04-04,2025,route-adelie-de-vitre,result,,Euskaltel - Euskadi,0,1.1,,,0.0,,,,,,,0.0,0.0,0.0,0.0,0.0,,174.47,147.0,27.1,0.0,0.0,0.0,145.0,6.17,15.3,8.32,0.0,0.0,0.0,0.0,0.0,1892.0,1871.0,121.0,65.0,0.0,0.0,0.0,0.0,0.0,0.0,0.0,0.0,0.0,0.0,-0.1,-0.17,-0.42,226.0,0.05,525.0,0,6,894.9699999999999,125.0,0.0,0.0,0.0,0.0,0.0,0.0,0.0,108.0,19.0,Sprint of small group,0.6,1.0,🟢  Plat/Sprint,0
2025-04-05,2025,gran-premio-miguel-indurain,result,,Euskaltel - Euskadi,0,1.Pro,,,0.0,,,,,,,0.0,0.0,0.0,0.0,0.0,,204.69,189.0,11.7,1.9,0.0,0.0,126.0,7.81,67.4,1.75,2.3,0.0,2.3,0.0,0.0,3351.0,3339.0,839.0,341.0,5.0,5.0,1.0,0.0,0.0,0.9522,0.9522,0.7833,0.0,0.0,-4.4,-2.07,-3.5,360.0,0.2,713.0,0,6,894.9699999999999,200.0,0.738,0.0,0.294,0.0,0.294,0.0,0.0,393.0,15.0,1.6 km solo,0.6,2.0,⛰️  Moy. montagne,0
2025-04-05,2025,volta-nxt-classic,result,,Metec - SOLARWATT p/b Mantel,1,1.1,FIN,21.0,3.0,,,,,,,3.0,3.0,0.0,0.0,0.0,,190.02,176.0,8.26,5.83,0.322,0.0,120.0,8.14,0.0,53.9,0.0,0.0,0.0,0.0,0.234,2409.0,2401.0,218.0,46.0,4.0,4.0,0.0,0.0,0.0,0.9407,0.9407,0.0,0.0,0.0,0.9,0.23,0.0,134.0,0.06,660.0,1,6,894.9699999999999,125.0,1.183,0.0,0.778,0.0,0.775,0.0,0.024,62.0,18.0,Sprint of small group,1.4,2.0,⛰️  Moy. montagne,1
2025-04-07,2025,tour-of-hainan,stage,1.0,Euskaltel - Euskadi,0,2.Pro,,,0.0,,,,,,,0.0,86.0,78.0,0.0,0.0,1.0,90.74,69.3,20.3,0.0,0.0,0.0,27.4,0.0,30.2,31.9,0.832,0.0,0.832,0.0,0.0,296.0,300.0,43.0,1.0,0.0,0.0,0.0,0.0,0.0,0.0,0.0,0.0,0.0,0.0,0.2,0.13,0.12,165.0,-0.01,174.0,1,7,1084.99,20.0,0.0,0.0,0.0,0.0,0.0,0.0,0.0,74.0,25.0,Sprint of large group,0.0,1.0,🟢  Plat/Sprint,0
2025-04-07,2025,itzulia-basque-country,stage,1.0,Euskaltel - Euskadi,0,2.UWT,,,0.0,,,,,,,0.0,19.0,16.0,0.0,0.0,1.0,16.5,15.4,0.555,0.0,0.0,0.0,14.8,0.0,0.58,0.555,0.154,0.218,0.65,0.277,0.0,78.0,79.0,547.0,509.0,0.0,0.0,0.0,0.0,0.0,0.0,0.0,0.0,0.0,0.0,0.4,0.0,-0.04,78.0,-0.01,78.0,0,7,1084.99,50.0,0.0,0.0,0.0,0.0,0.0,0.0,0.0,696.0,,Time trial,0.6,1.0,🟢  Plat/Sprint,0
2025-04-08,2025,tour-of-hainan,stage,2.0,Euskaltel - Euskadi,0,2.Pro,,,0.0,,,,,,,0.0,86.0,78.0,0.0,0.0,2.0,178.71,179.0,0.0,0.0,0.0,0.0,80.6,0.0,89.8,8.43,0.0,0.0,0.0,0.0,0.0,910.0,905.0,178.0,1.0,0.0,1.0,0.0,0.0,0.0,0.7166,0.7166,0.0,0.0,0.0,-1.6,0.3,0.24,171.0,0.0,205.0,1,7,1084.99,20.0,0.0,0.0,0.0,0.0,0.0,0.0,0.0,74.0,28.0,Sprint of large group,0.0,1.0,🟢  Plat/Sprint,0
2025-04-08,2025,itzulia-basque-country,stage,2.0,Euskaltel - Euskadi,0,2.UWT,,,0.0,,,,,,,3.0,19.0,16.0,0.0,0.0,2.0,186.54,183.0,3.57,0.0,0.0,0.0,82.8,0.0,99.9,3.57,0.391,0.0,0.567,0.177,0.0,2063.0,2170.0,626.0,282.0,5.0,3.0,0.0,0.0,0.0,0.908,0.7331,0.0,0.0,0.0,0.7,0.3,0.02,81.0,0.16,736.0,0,7,1084.99,50.0,0.0,0.0,0.0,0.0,0.0,0.0,0.0,696.0,21.0,Sprint of large group,0.6,2.0,⛰️  Moy. montagne,0
2025-04-08,2025,region-pays-de-la-loire,stage,1.0,Euskaltel - Euskadi,0,2.1,,,0.0,,,,,,,0.0,3.0,3.0,0.0,0.0,1.0,209.08,198.0,10.1,0.0,0.0,0.0,180.0,15.0,0.215,13.0,0.912,0.0,1.47,0.0,0.0,1499.0,1502.0,99.0,0.0,1.0,0.0,0.0,0.0,0.0,0.4964,0.0,0.0,0.0,0.0,-0.5,-0.07,-0.36,114.0,0.03,415.0,0,7,1084.99,14.0,0.0,0.0,0.0,0.0,0.0,0.0,0.0,113.0,18.0,Sprint of large group,0.0,1.0,🟢  Plat/Sprint,0
2025-04-09,2025,region-pays-de-la-loire,stage,2.0,Euskaltel - Euskadi,0,2.1,,,0.0,,,,,,,0.0,3.0,3.0,0.0,0.0,2.0,156.3,131.0,25.1,0.0,0.0,0.0,143.0,7.3,0.768,5.53,0.0,0.0,0.0,0.0,0.0,1824.0,1776.0,114.0,24.0,1.0,0.0,0.0,0.0,0.0,0.5307,0.0,0.0,0.0,0.0,3.8,0.47,1.24,218.0,-0.01,399.0,0,6,904.39,14.0,0.0,0.0,0.0,0.0,0.0,0.0,0.0,113.0,17.0,Sprint of 3 riders,0.0,1.0,🟢  Plat/Sprint,0
2025-04-09,2025,itzulia-basque-country,stage,3.0,Euskaltel - Euskadi,0,2.UWT,,,0.0,,,,,,,0.0,19.0,16.0,0.0,0.0,3.0,157.24,152.0,3.99,0.717,0.0,0.0,135.0,9.51,11.3,1.03,0.515,0.0,0.661,0.445,0.0,3123.0,2966.0,699.0,1.0,3.0,3.0,2.0,1.0,0.0,0.9818,0.9818,0.6456,0.5003,0.0,0.6,-1.07,-3.16,253.0,0.63,1025.0,0,6,904.39,50.0,0.871,0.0,0.606,0.0,0.606,0.0,0.0,696.0,16.0,1.8 km solo,1.2,2.0,⛰️  Moy. montagne,0
2025-04-09,2025,tour-of-hainan,stage,3.0,Euskaltel - Euskadi,0,2.Pro,,,0.0,,,,,,,3.0,86.0,78.0,0.0,0.0,3.0,216.09,5.0,1.77,0.0,0.0,0.0,4.41,0.68,2.1,0.0,211.0,0.0,212.0,0.0,0.0,3301.0,3268.0,795.0,-2.0,3.0,2.0,0.0,1.0,0.0,0.9053,0.7539,0.7539,0.7539,0.0,0.1,-0.07,-0.46,84.0,0.41,476.0,1,6,904.39,20.0,0.0,0.0,0.0,0.0,0.0,0.0,0.0,74.0,29.0,Sprint à deux,1.2,2.0,⛰️  Moy. montagne,0
2025-04-10,2025,tour-of-hainan,stage,4.0,Euskaltel - Euskadi,0,2.Pro,,,0.0,,,,,,,5.0,86.0,78.0,0.0,0.0,4.0,186.44,172.0,0.0,0.0,2.08,0.0,43.5,0.0,128.0,0.0,13.4,0.0,13.4,2.08,0.0,2285.0,2313.0,635.0,18.0,0.0,1.0,1.0,0.0,0.0,0.8115,0.8115,0.3115,0.0,0.0,-0.5,-0.63,-0.24,252.0,0.96,1014.0,1,6,904.39,20.0,0.0,0.0,0.0,0.0,0.0,0.0,0.0,74.0,29.0,Sprint à deux,1.2,2.0,⛰️  Moy. montagne,0
2025-04-10,2025,region-pays-de-la-loire,stage,3.0,Euskaltel - Euskadi,0,2.1,,,0.0,,,,,,,0.0,3.0,3.0,0.0,0.0,3.0,166.07,123.0,42.8,0.0,0.0,0.0,165.0,0.784,0.106,0.0,0.0,0.0,0.0,0.0,0.0,1453.0,1228.0,262.0,23.0,1.0,4.0,0.0,0.0,0.0,0.9995,0.8936,0.0,0.0,0.0,6.9,4.03,2.48,305.0,0.07,296.0,0,6,904.39,14.0,0.0,0.0,0.0,0.0,0.0,0.0,0.0,113.0,16.0,Sprint of small group,0.0,1.0,🟢  Plat/Sprint,0
2025-04-10,2025,itzulia-basque-country,stage,4.0,Euskaltel - Euskadi,0,2.UWT,,,0.0,,,,,,,0.0,19.0,16.0,0.0,0.0,4.0,169.95,165.0,4.05,0.271,0.0,0.0,118.0,0.371,50.8,0.385,0.477,0.0,0.477,0.0,0.0,2855.0,2967.0,568.0,3.0,1.0,3.0,3.0,0.0,0.0,0.9276,0.9276,0.9276,0.0,0.0,-1.7,-0.87,-1.48,158.0,0.27,823.0,0,6,904.39,50.0,0.0,0.0,0.0,0.0,0.0,0.0,0.0,696.0,21.0,13.3 km solo,1.8,2.0,⛰️  Moy. montagne,0
2025-04-11,2025,itzulia-basque-country,stage,5.0,Euskaltel - Euskadi,0,2.UWT,,,0.0,,,,,,,0.0,19.0,16.0,0.0,0.0,5.0,172.96,158.0,12.0,0.666,0.0,0.0,124.0,2.78,43.7,0.239,2.43,0.0,2.43,0.0,0.0,2663.0,2917.0,461.0,2.0,2.0,4.0,2.0,0.0,0.0,0.8893,0.8893,0.8893,0.0,0.0,0.9,-1.77,0.06,113.0,-0.37,620.0,0,6,904.39,50.0,0.019,0.0,0.019,0.0,0.019,0.0,0.0,696.0,21.0,56.7 km solo,2.2,2.0,⛰️  Moy. montagne,0
2025-04-11,2025,region-pays-de-la-loire,stage,4.0,Euskaltel - Euskadi,0,2.1,,,0.0,,,,,,,0.0,3.0,3.0,0.0,0.0,4.0,186.88,176.0,10.3,0.0,0.0,0.0,127.0,22.5,24.5,12.5,0.0,0.0,0.0,0.18,0.0,2363.0,2464.0,337.0,46.0,6.0,1.0,0.0,0.0,0.0,0.3959,0.2351,0.0,0.0,0.0,0.1,-1.0,-0.54,121.0,-0.06,648.0,0,6,904.39,14.0,0.0,0.0,0.0,0.0,0.0,0.0,0.0,113.0,18.0,Sprint of small group,1.6,2.0,⛰️  Moy. montagne,0
2025-04-11,2025,tour-of-hainan,stage,5.0,Euskaltel - Euskadi,0,2.Pro,,,0.0,,,,,,,0.0,86.0,78.0,0.0,0.0,5.0,182.47,171.0,11.0,0.0,0.0,0.0,110.0,0.0,72.0,0.0,0.78,0.0,0.78,0.0,0.0,276.0,281.0,35.0,3.0,0.0,0.0,0.0,0.0,0.0,0.0,0.0,0.0,0.0,0.0,0.5,0.23,0.16,134.0,-0.03,65.0,1,6,904.39,20.0,0.0,0.0,0.0,0.0,0.0,0.0,0.0,74.0,29.0,Sprint of large group,0.0,1.0,🟢  Plat/Sprint,0
2025-04-12,2025,itzulia-basque-country,stage,6.0,Euskaltel - Euskadi,0,2.UWT,,,0.0,,,,,,,0.0,19.0,16.0,0.0,0.0,6.0,154.01,149.0,3.98,0.217,0.0,0.0,95.8,6.45,50.0,1.26,1.4,0.0,1.43,0.29,0.0,3628.0,3590.0,673.0,13.0,0.0,2.0,3.0,1.0,0.0,0.8685,0.8685,0.768,0.2206,0.0,0.9,-0.63,-1.32,214.0,0.86,1459.0,0,6,904.39,50.0,0.0,0.0,0.0,0.0,0.0,0.0,0.0,696.0,18.0,Sprint à deux,1.6,2.0,⛰️  Moy. montagne,0
2025-04-16,2025,ronde-van-limburg,result,,Metec - SOLARWATT p/b Mantel,0,1.1,,,0.0,,,,,,,0.0,0.0,0.0,0.0,0.0,,178.93,98.5,67.7,9.59,0.0,0.116,65.0,18.6,15.5,65.8,3.56,0.0,3.75,2.58,0.0,1252.0,1209.0,123.0,36.0,3.0,0.0,0.0,0.0,0.0,0.963,0.0,0.0,0.0,0.0,1.5,0.2,-0.02,196.0,0.08,413.0,0,6,904.39,125.0,3.042,0.0,2.082,0.0,0.0,0.0,0.0,156.0,11.0,Sprint of large group,1.4,1.0,🟢  Plat/Sprint,1
2025-04-16,2025,tour-du-loir-et-cher,stage,1.0,Metec - SOLARWATT p/b Mantel,1,2.2,FIN,43.0,0.0,,,,,,,0.0,0.0,0.0,0.0,0.0,1.0,155.35,135.0,20.8,0.0,0.0,0.0,141.0,4.43,9.2,1.04,0.0,0.0,0.0,0.0,0.0,1134.0,1120.0,142.0,58.0,2.0,0.0,0.0,0.0,0.0,0.5302,0.0,0.0,0.0,0.0,3.7,1.4,0.2,167.0,-0.08,279.0,1,6,904.39,7.0,0.0,0.0,0.0,0.0,0.0,0.0,0.0,17.0,,? km solo,1.4,1.0,🟢  Plat/Sprint,1
2025-04-17,2025,tour-du-loir-et-cher,stage,2.0,Metec - SOLARWATT p/b Mantel,1,2.2,FIN,63.0,0.0,,,,,,,0.0,0.0,0.0,0.0,0.0,2.0,141.31,121.0,20.5,0.0,0.0,0.0,132.0,9.54,0.0,0.0,0.0,0.0,0.0,0.0,0.0,563.0,531.0,119.0,69.0,0.0,0.0,0.0,0.0,0.0,0.0,0.0,0.0,0.0,0.0,0.8,0.23,0.4,73.0,0.02,174.0,1,7,1059.74,7.0,0.0,0.0,0.0,0.0,0.0,0.0,0.0,17.0,,Sprint of small group,1.4,1.0,🟢  Plat/Sprint,1
2025-04-18,2025,classic-grand-besancon-doubs,result,,Euskaltel - Euskadi,0,1.1,,,0.0,,,,,,,21.0,21.0,0.0,0.0,0.0,,168.52,167.0,0.73,0.0,0.191,0.0,163.0,2.16,0.0,3.02,0.195,0.0,0.195,0.302,0.0,2522.0,2243.0,593.0,216.0,6.0,3.0,1.0,0.0,0.0,0.9995,0.9995,0.9995,0.0,0.0,8.4,8.57,6.48,525.0,-0.16,548.0,1,8,1201.05,125.0,0.0,0.0,0.0,0.0,0.0,0.0,0.0,97.0,11.0,2.3 km solo,0.0,3.0,🏔️  Haute montagne,0
2025-04-18,2025,tour-du-loir-et-cher,stage,3.0,Metec - SOLARWATT p/b Mantel,1,2.2,FIN,24.0,0.0,,,,,,,0.0,0.0,0.0,0.0,0.0,3.0,206.84,181.0,26.3,0.0,0.0,0.0,195.0,11.5,0.516,0.0,0.0,0.0,0.0,0.0,0.0,1172.0,1220.0,258.0,73.0,1.0,1.0,0.0,0.0,0.0,0.4435,0.3427,0.0,0.0,0.0,0.1,-1.53,-0.22,90.0,-0.0,120.0,1,8,1201.05,7.0,0.0,0.0,0.0,0.0,0.0,0.0,0.0,17.0,,Sprint of small group,1.4,1.0,🟢  Plat/Sprint,1
2025-04-19,2025,tour-du-loir-et-cher,stage,4.0,Metec - SOLARWATT p/b Mantel,1,2.2,FIN,32.0,0.0,,,,,,,0.0,0.0,0.0,0.0,0.0,4.0,213.06,182.0,30.7,0.136,0.0,0.0,195.0,10.3,7.14,0.372,0.0,0.0,0.0,0.0,0.0,877.0,876.0,149.0,75.0,0.0,0.0,0.0,0.0,0.0,0.0,0.0,0.0,0.0,0.0,0.0,-0.07,-0.14,99.0,0.06,172.0,1,9,1407.89,7.0,0.0,0.0,0.0,0.0,0.0,0.0,0.0,17.0,,Sprint of large group,0.0,1.0,🟢  Plat/Sprint,1
2025-04-19,2025,tour-du-jura-cycliste,result,,Euskaltel - Euskadi,0,1.1,,,0.0,,,,,,,6.0,6.0,0.0,0.0,0.0,,177.05,153.0,22.8,0.0,0.0,0.254,162.0,2.1,11.8,0.694,0.0,0.909,1.41,0.0,0.0,3004.0,2383.0,835.0,194.0,4.0,2.0,1.0,1.0,0.0,0.9997,0.9997,0.9997,0.9997,0.0,8.9,7.9,6.62,666.0,0.02,554.0,0,9,1407.89,125.0,0.0,0.0,0.0,0.0,0.0,0.0,0.0,127.0,18.0,Sprint à deux,4.2,3.0,🏔️  Haute montagne,0
2025-04-20,2025,tour-du-doubs,result,,Euskaltel - Euskadi,0,1.1,,,0.0,,,,,,,68.0,68.0,0.0,0.0,0.0,,197.37,186.0,10.9,0.0,0.467,0.0,173.0,3.34,15.5,4.85,0.22,0.0,0.22,0.467,0.0,2866.0,2949.0,1055.0,331.0,4.0,1.0,1.0,1.0,0.0,0.9031,0.9031,0.7867,0.7867,0.0,1.5,0.23,0.32,51.0,-0.19,527.0,1,10,1620.9499999999998,125.0,0.0,0.0,0.0,0.0,0.0,0.0,0.0,121.0,10.0,Sprint of small group,1.0,2.0,⛰️  Moy. montagne,0
2025-04-20,2025,tour-du-loir-et-cher,stage,5.0,Metec - SOLARWATT p/b Mantel,1,2.2,DNS,,0.0,,,,,,,0.0,0.0,0.0,0.0,0.0,5.0,95.14,74.9,0.316,0.438,0.0,0.133,41.5,7.39,9.66,11.6,14.1,0.0,14.9,5.13,1.18,793.0,793.0,107.0,66.0,0.0,0.0,0.0,0.0,0.0,0.0,0.0,0.0,0.0,0.0,3.2,1.23,0.7,184.0,-0.07,391.0,1,10,1620.9499999999998,0.0,0.0,0.0,0.0,0.0,0.0,0.0,,17.0,,-,0.0,1.0,🟢  Plat/Sprint,1
2025-04-24,2025,vuelta-asturias,stage,1.0,Euskaltel - Euskadi,0,2.1,,,0.0,,,,,,,0.0,93.0,88.0,0.0,0.0,1.0,164.4,164.0,0.271,0.0,0.0,0.0,97.2,1.72,64.7,0.256,0.278,0.0,0.278,0.0,0.0,2584.0,2723.0,575.0,0.0,3.0,3.0,2.0,0.0,0.0,0.9087,0.9087,0.9087,0.0,0.0,0.4,-0.03,0.0,30.0,0.23,656.0,0,11,1716.09,14.0,0.0,0.0,0.0,0.0,0.0,0.0,0.0,65.0,,Sprint à deux,14.6,2.0,⛰️  Moy. montagne,0
2025-04-25,2025,vuelta-asturias,stage,2.0,Euskaltel - Euskadi,0,2.1,,,0.0,,,,,,,0.0,93.0,88.0,0.0,0.0,2.0,143.73,143.0,0.36,0.0,0.0,0.0,89.1,2.56,51.8,0.13,0.458,0.0,0.225,0.0,0.0,2485.0,2370.0,839.0,25.0,1.0,3.0,1.0,0.0,1.0,0.9477,0.9477,0.6991,0.6991,0.6991,0.1,0.47,-2.04,285.0,-0.2,582.0,0,11,1716.09,14.0,0.0,0.0,0.0,0.0,0.0,0.0,0.0,65.0,,Sprint à deux,13.6,2.0,⛰️  Moy. montagne,0
2025-04-26,2025,vuelta-asturias,stage,3.0,Euskaltel - Euskadi,0,2.1,,,0.0,,,,,,,5.0,93.0,88.0,0.0,0.0,3.0,164.98,163.0,2.07,0.0,0.0,0.0,82.4,0.379,82.6,0.0,0.0,0.0,0.0,0.0,0.0,2940.0,2974.0,1066.0,1.0,6.0,1.0,1.0,0.0,1.0,0.6986,0.6986,0.6986,0.396,0.396,0.3,-0.07,-0.2,213.0,0.56,770.0,0,10,1705.17,14.0,0.0,0.0,0.0,0.0,0.0,0.0,0.0,65.0,,Sprint of small group,13.6,2.0,⛰️  Moy. montagne,0
2025-04-27,2025,vuelta-asturias,stage,4.0,Euskaltel - Euskadi,0,2.1,,,0.0,,,,,,,0.0,93.0,88.0,0.0,0.0,4.0,135.77,136.0,0.266,0.0,0.0,0.0,30.2,3.23,102.0,0.0,0.0,0.0,0.0,0.0,0.0,2456.0,2314.0,658.0,8.0,5.0,1.0,1.0,1.0,0.0,0.9792,0.881,0.881,0.3915,0.0,-0.4,-0.6,0.52,137.0,0.18,645.0,0,9,1532.11,14.0,0.0,0.0,0.0,0.0,0.0,0.0,0.0,65.0,,7 km solo,14.6,2.0,⛰️  Moy. montagne,0
2025-04-27,2025,tour-of-turkey,stage,1.0,Euskaltel - Euskadi,0,2.Pro,,,0.0,,,,,,,5.0,43.0,33.0,0.0,0.0,1.0,131.87,132.0,0.0,0.0,0.0,0.0,62.8,0.0,69.0,0.0,0.0,0.0,0.0,0.0,0.0,426.0,427.0,60.0,-1.0,0.0,0.0,0.0,0.0,0.0,0.0,0.0,0.0,0.0,0.0,0.6,-0.17,0.06,144.0,-0.07,144.0,0,9,1532.11,20.0,0.0,0.0,0.0,0.0,0.0,0.0,0.0,134.0,20.0,Sprint of large group,0.0,1.0,🟢  Plat/Sprint,0
2025-04-28,2025,tour-of-turkey,stage,2.0,Euskaltel - Euskadi,0,2.Pro,,,0.0,,,,,,,5.0,43.0,33.0,0.0,0.0,2.0,166.82,165.0,1.4,0.0,0.372,0.0,0.998,0.673,164.0,1.13,0.493,0.0,0.541,0.419,0.0,2452.0,2368.0,642.0,-2.0,2.0,0.0,1.0,1.0,0.0,0.9836,0.6529,0.6529,0.6529,0.0,4.8,0.2,1.1,347.0,-0.01,824.0,0,8,1382.86,20.0,0.0,0.0,0.0,0.0,0.0,0.0,0.0,134.0,20.0,Sprint of large group,14.6,2.0,⛰️  Moy. montagne,0
2025-04-29,2025,tour-of-turkey,stage,3.0,Euskaltel - Euskadi,0,2.Pro,,,0.0,,,,,,,0.0,43.0,33.0,0.0,0.0,3.0,175.21,173.0,0.0,1.49,0.0,0.0,44.7,0.0,130.0,0.0,0.655,0.0,0.671,0.0,0.0,2500.0,2502.0,337.0,2.0,6.0,4.0,1.0,0.0,0.0,0.9348,0.9348,0.2082,0.0,0.0,-0.3,-0.6,-2.68,342.0,0.05,806.0,0,7,1187.0800000000002,20.0,1.502,0.0,0.052,0.0,0.052,0.0,0.0,134.0,21.0,Sprint of small group,2.0,2.0,⛰️  Moy. montagne,0
2025-04-30,2025,tour-of-turkey,stage,4.0,Euskaltel - Euskadi,0,2.Pro,,,0.0,,,,,,,0.0,43.0,33.0,0.0,0.0,4.0,114.79,115.0,0.0,0.0,0.0,0.0,62.9,0.0,52.1,0.0,0.0,0.0,0.0,0.0,0.0,2945.0,2054.0,944.0,8.0,3.0,1.0,0.0,0.0,2.0,0.999,0.999,0.999,0.999,0.999,9.0,9.1,9.84,492.0,1.21,1247.0,0,6,1001.72,20.0,0.0,0.0,0.0,0.0,0.0,0.0,0.0,134.0,16.0,2.3 km solo,5.4,3.0,🏔️  Haute montagne,0
2025-05-01,2025,omloop-van-het-waasland,result,,Metec - SOLARWATT p/b Mantel,1,1.2,FIN,60.0,0.0,,,,,,,0.0,0.0,0.0,0.0,0.0,,174.52,86.6,70.0,17.7,0.531,0.0,77.6,40.0,0.0,51.5,0.0,0.0,5.27,0.531,0.0,285.0,287.0,11.0,5.0,0.0,0.0,0.0,0.0,0.0,0.0,0.0,0.0,0.0,0.0,-0.4,0.0,-0.04,31.0,-0.0,55.0,1,6,1001.72,40.0,2.067,0.012,0.689,0.004,0.683,0.004,0.0,11.0,,Sprint of large group,0.0,1.0,🟢  Plat/Sprint,1
2025-05-02,2025,tour-of-turkey,stage,6.0,Euskaltel - Euskadi,0,2.Pro,,,0.0,,,,,,,0.0,43.0,33.0,0.0,0.0,6.0,157.37,157.0,0.754,0.0,0.0,0.0,67.6,0.906,89.2,0.0,0.0,0.0,0.0,0.0,0.0,1667.0,1247.0,467.0,1.0,0.0,0.0,3.0,0.0,0.0,0.9992,0.9992,0.9992,0.0,0.0,9.6,8.9,7.96,462.0,0.2,337.0,0,7,1176.24,20.0,0.0,0.0,0.0,0.0,0.0,0.0,0.0,134.0,19.0,0.9 km solo,5.4,3.0,🏔️  Haute montagne,0
2025-05-03,2025,tour-of-turkey,stage,7.0,Euskaltel - Euskadi,0,2.Pro,,,0.0,,,,,,,0.0,43.0,33.0,0.0,0.0,7.0,143.65,143.0,0.515,0.0,0.0,0.0,0.648,1.26,141.0,0.0,0.785,0.0,0.785,0.0,0.0,1323.0,1318.0,264.0,-2.0,4.0,1.0,0.0,0.0,0.0,0.9092,0.8823,0.0,0.0,0.0,0.1,-0.67,-0.4,516.0,0.05,425.0,0,7,1176.24,20.0,0.0,0.0,0.0,0.0,0.0,0.0,0.0,134.0,21.0,Sprint of large group,1.0,1.0,🟢  Plat/Sprint,0
2025-05-04,2025,famenne-ardenne-classic,result,,Metec - SOLARWATT p/b Mantel,1,1.1,FIN,25.0,3.0,,,,,,,3.0,3.0,0.0,0.0,0.0,,186.17,169.0,16.0,1.26,0.0,0.0,136.0,12.2,22.3,8.76,0.335,0.0,0.335,0.0,0.0,2457.0,2428.0,548.0,186.0,1.0,5.0,1.0,0.0,0.0,0.9193,0.9193,0.1554,0.0,0.0,2.0,-1.03,-0.44,225.0,0.03,647.0,1,7,1176.24,125.0,0.703,0.0,0.234,0.0,0.234,0.0,0.024,142.0,10.0,Sprint of large group,2.0,2.0,⛰️  Moy. montagne,1
2025-05-04,2025,tour-of-turkey,stage,8.0,Euskaltel - Euskadi,0,2.Pro,,,0.0,,,,,,,0.0,43.0,33.0,0.0,0.0,8.0,108.69,104.0,1.02,0.0,0.0,0.0,27.6,1.02,73.3,2.73,4.04,0.0,3.4,0.213,0.0,942.0,964.0,267.0,-6.0,0.0,2.0,0.0,0.0,0.0,0.3627,0.3627,0.0,0.0,0.0,-0.1,-0.13,0.02,86.0,0.08,610.0,0,7,1176.24,20.0,0.0,0.0,0.0,0.0,0.0,0.0,0.0,134.0,23.0,Sprint of large group,1.0,1.0,🟢  Plat/Sprint,0
2025-05-09,2025,tour-du-finistere,result,,Euskaltel - Euskadi,0,1.1,,,0.0,,,,,,,0.0,0.0,0.0,0.0,0.0,,168.13,152.0,15.9,0.127,0.0,0.0,139.0,3.32,12.2,14.1,0.0,0.0,0.0,0.249,0.0,2247.0,2216.0,224.0,12.0,6.0,1.0,0.0,0.0,0.0,0.9618,0.3311,0.0,0.0,0.0,4.0,1.13,-0.32,228.0,0.17,604.0,1,7,1172.39,125.0,0.0,0.0,0.0,0.0,0.0,0.0,0.0,178.0,18.0,Sprint à deux,2.0,2.0,⛰️  Moy. montagne,0
2025-05-10,2025,gp-de-plumelec,result,,Euskaltel - Euskadi,0,1.Pro,,,0.0,,,,,,,3.0,3.0,0.0,0.0,0.0,,190.1,190.0,0.512,0.0,0.0,0.0,190.0,0.363,0.0,0.0,0.0,0.0,0.0,0.0,0.0,2433.0,2430.0,166.0,42.0,14.0,0.0,0.0,0.0,0.0,0.9996,0.0,0.0,0.0,0.0,6.4,3.37,1.16,243.0,-0.05,435.0,1,7,1172.39,200.0,0.0,0.0,0.0,0.0,0.0,0.0,0.0,285.0,14.0,Sprint of small group,2.0,2.0,⛰️  Moy. montagne,0
2025-05-11,2025,tro-bro-leon,result,,Euskaltel - Euskadi,0,1.Pro,,,0.0,,,,,,,0.0,0.0,0.0,0.0,0.0,,203.05,139.0,38.6,0.0,20.5,3.08,159.0,3.44,7.3,6.12,1.63,0.167,2.18,23.8,1.67,1470.0,1443.0,127.0,1.0,2.0,0.0,0.0,0.0,0.0,0.5031,0.0,0.0,0.0,0.0,1.1,0.07,-0.14,90.0,0.12,379.0,1,7,1172.39,200.0,0.0,2.641,0.0,0.915,0.0,0.0,0.0,316.0,15.0,Other,1.0,1.0,🟢  Plat/Sprint,0
2025-05-13,2025,classique-dunkerque,result,,Euskaltel - Euskadi,0,1.Pro,,,0.0,,,,,,,40.0,40.0,0.0,0.0,0.0,,0.0,164.0,29.7,0.0,0.0,0.0,147.0,12.0,26.7,7.44,0.0,0.0,0.145,0.0,0.0,0.0,0.0,0.0,0.0,0.0,0.0,0.0,0.0,0.0,0.0,0.0,0.0,0.0,0.0,0.0,0.0,0.0,0.0,0.0,0.0,1,7,1172.39,200.0,0.0,0.0,0.0,0.0,0.0,0.0,0.0,289.0,23.0,Sprint of large group,1.0,1.0,🟢  Plat/Sprint,0
2025-05-14,2025,4-jours-de-dunkerque,stage,1.0,Euskaltel - Euskadi,0,2.Pro,,,0.0,,,,,,,0.0,0.0,0.0,0.0,0.0,1.0,0.0,171.0,5.37,0.13,0.0,0.0,154.0,5.15,11.2,6.08,1.14,0.0,1.14,0.0,0.0,0.0,0.0,0.0,0.0,0.0,0.0,0.0,0.0,0.0,0.0,0.0,0.0,0.0,0.0,0.0,0.0,0.0,0.0,0.0,0.0,1,7,1172.39,20.0,0.0,0.0,0.0,0.0,0.0,0.0,0.0,220.0,23.0,Sprint of large group,1.6,2.0,⛰️  Moy. montagne,0
2025-05-14,2025,tour-de-hongrie,stage,1.0,Euskaltel - Euskadi,0,2.Pro,,,0.0,,,,,,,0.0,36.0,36.0,0.0,0.0,1.0,210.12,209.0,0.765,0.0,0.0,0.0,160.0,3.35,43.0,2.88,0.408,0.0,0.538,0.314,0.0,1255.0,1247.0,259.0,96.0,2.0,1.0,0.0,0.0,0.0,0.7818,0.7818,0.0,0.0,0.0,0.1,0.0,-0.06,43.0,0.15,348.0,0,7,1172.39,20.0,0.0,0.0,0.0,0.0,0.0,0.0,0.0,123.0,20.0,Sprint of large group,9.0,1.0,🟢  Plat/Sprint,0
2025-05-15,2025,tour-de-hongrie,stage,2.0,Euskaltel - Euskadi,0,2.Pro,,,0.0,,,,,,,0.0,36.0,36.0,0.0,0.0,2.0,177.11,173.0,0.263,1.71,0.0,0.287,77.9,2.5,82.4,11.3,2.01,0.351,2.25,0.505,0.466,1276.0,1453.0,381.0,100.0,1.0,1.0,0.0,0.0,0.0,0.9052,0.3406,0.0,0.0,0.0,0.1,0.0,0.0,216.0,0.03,558.0,0,7,1172.39,20.0,0.335,0.293,0.335,0.293,0.335,0.293,0.0,123.0,16.0,Sprint of large group,8.0,1.0,🟢  Plat/Sprint,0
2025-05-15,2025,4-jours-de-dunkerque,stage,2.0,Euskaltel - Euskadi,0,2.Pro,,,0.0,,,,,,,0.0,0.0,0.0,0.0,0.0,2.0,0.0,176.0,0.431,0.0,0.223,2.16,168.0,1.29,7.68,1.45,0.0,0.0,0.0,0.264,0.0,0.0,0.0,0.0,0.0,0.0,0.0,0.0,0.0,0.0,0.0,0.0,0.0,0.0,0.0,0.0,0.0,0.0,0.0,0.0,0.0,1,7,1172.39,20.0,0.0,0.0,0.0,0.0,0.0,0.0,0.0,220.0,16.0,Sprint of large group,1.6,2.0,⛰️  Moy. montagne,0
2025-05-16,2025,4-jours-de-dunkerque,stage,3.0,Euskaltel - Euskadi,0,2.Pro,,,0.0,,,,,,,0.0,0.0,0.0,0.0,0.0,3.0,0.0,131.0,1.88,21.7,0.0,0.0,131.0,12.7,0.0,4.02,0.0,0.0,0.0,6.96,0.0,0.0,0.0,0.0,0.0,0.0,0.0,0.0,0.0,0.0,0.0,0.0,0.0,0.0,0.0,0.0,0.0,0.0,0.0,0.0,0.0,1,7,1172.39,20.0,0.0,0.0,0.0,0.0,0.0,0.0,0.0,220.0,17.0,1.5 km solo,8.0,1.0,🟢  Plat/Sprint,0
2025-05-16,2025,tour-de-hongrie,stage,3.0,Euskaltel - Euskadi,0,2.Pro,,,0.0,,,,,,,0.0,36.0,36.0,0.0,0.0,3.0,162.34,162.0,0.0,0.0,0.0,0.0,92.4,0.312,66.1,3.65,0.0,0.0,0.0,0.0,0.0,1977.0,1214.0,989.0,104.0,1.0,0.0,1.0,0.0,1.0,0.9995,0.9995,0.9995,0.9995,0.9995,7.4,7.93,6.5,575.0,-0.18,196.0,0,7,1172.39,20.0,0.0,0.0,0.0,0.0,0.0,0.0,0.0,123.0,14.0,1.9 km solo,5.4,3.0,🏔️  Haute montagne,0
2025-05-17,2025,4-jours-de-dunkerque,stage,4.0,Euskaltel - Euskadi,0,2.Pro,,,0.0,,,,,,,0.0,0.0,0.0,0.0,0.0,4.0,0.0,157.0,3.5,12.1,0.0,0.0,114.0,12.5,41.8,4.36,0.0,0.381,0.357,0.0,0.0,0.0,0.0,0.0,0.0,0.0,0.0,0.0,0.0,0.0,0.0,0.0,0.0,0.0,0.0,0.0,0.0,0.0,0.0,0.0,0.0,1,6,1017.04,20.0,0.0,0.0,0.0,0.0,0.0,0.0,0.0,220.0,15.0,Sprint of small group,0.6,2.0,⛰️  Moy. montagne,0
2025-05-17,2025,tour-de-hongrie,stage,4.0,Euskaltel - Euskadi,0,2.Pro,,,0.0,,,,,,,0.0,36.0,36.0,0.0,0.0,4.0,153.19,146.0,7.12,0.294,0.0,0.0,135.0,9.56,1.87,6.74,0.0,0.101,0.103,0.321,0.136,992.0,1003.0,321.0,107.0,0.0,2.0,0.0,0.0,0.0,0.5616,0.5616,0.0,0.0,0.0,1.0,-0.27,0.1,127.0,0.19,397.0,0,6,1017.04,20.0,0.0,0.0,0.0,0.0,0.0,0.0,0.0,123.0,16.0,Sprint of large group,8.0,1.0,🟢  Plat/Sprint,0
2025-05-18,2025,4-jours-de-dunkerque,stage,5.0,Euskaltel - Euskadi,0,2.Pro,,,0.0,,,,,,,0.0,0.0,0.0,0.0,0.0,5.0,0.0,163.0,4.91,17.1,0.0,0.0,115.0,36.1,18.2,13.6,0.0,0.298,0.0,2.28,0.0,0.0,0.0,0.0,0.0,0.0,0.0,0.0,0.0,0.0,0.0,0.0,0.0,0.0,0.0,0.0,0.0,0.0,0.0,0.0,0.0,1,5,875.7299999999999,20.0,0.0,0.0,0.0,0.0,0.0,0.0,0.0,220.0,14.0,Sprint of large group,8.0,1.0,🟢  Plat/Sprint,0
2025-05-18,2025,tour-de-hongrie,stage,5.0,Euskaltel - Euskadi,0,2.Pro,,,0.0,,,,,,,0.0,36.0,36.0,0.0,0.0,5.0,168.89,166.0,0.0,3.39,0.0,0.123,108.0,4.82,54.0,2.39,0.0,0.0,0.0,0.0,0.121,1931.0,1956.0,385.0,103.0,5.0,3.0,0.0,0.0,0.0,0.7286,0.581,0.0,0.0,0.0,2.5,1.1,0.52,88.0,0.32,587.0,0,5,875.7299999999999,20.0,3.197,0.0,3.197,0.0,2.131,0.0,0.0,123.0,13.0,Sprint of 5 riders,0.6,2.0,⛰️  Moy. montagne,0
2025-05-18,2025,omloop-der-kempen,result,,Metec - SOLARWATT p/b Mantel,0,1.2,,,0.0,,,,,,,30.0,30.0,0.0,0.0,0.0,,183.21,117.0,58.8,5.42,2.61,0.0,79.4,12.1,0.0,32.6,0.0,0.0,0.951,1.24,1.41,412.0,416.0,35.0,17.0,0.0,0.0,0.0,0.0,0.0,0.0,0.0,0.0,0.0,0.0,0.1,0.07,0.02,36.0,0.0,109.0,0,5,875.7299999999999,40.0,1.707,0.0,0.052,0.0,0.026,0.0,0.0,8.0,,Sprint of 18 riders,0.0,1.0,🟢  Plat/Sprint,1
2025-05-23,2025,gp-internacional-beiras-e-serra-da-estrela,stage,1.0,Euskaltel - Euskadi,0,2.1,,,0.0,,,,,,,0.0,82.0,68.0,0.0,0.0,1.0,191.37,183.0,5.0,3.12,0.0,0.0,90.4,1.77,99.3,0.0,0.0,0.0,0.0,0.0,0.0,2082.0,2324.0,886.0,302.0,4.0,2.0,1.0,0.0,0.0,0.9993,0.9993,0.7046,0.0,0.0,5.2,3.63,2.54,383.0,0.1,393.0,0,2,360.69,14.0,0.497,0.0,0.0,0.0,0.0,0.0,0.0,45.0,,-,0.6,2.0,⛰️  Moy. montagne,0
2025-05-24,2025,gp-internacional-beiras-e-serra-da-estrela,stage,2.0,Euskaltel - Euskadi,0,2.1,,,0.0,,,,,,,14.0,82.0,68.0,0.0,0.0,2.0,188.31,171.0,12.2,4.67,0.0,0.0,149.0,3.45,35.9,0.0,0.196,0.0,0.196,0.0,0.0,3254.0,3373.0,1104.0,283.0,6.0,1.0,2.0,0.0,1.0,0.9994,0.8119,0.8119,0.6523,0.6523,4.6,3.1,1.08,226.0,-0.08,704.0,0,2,360.69,14.0,3.833,0.0,3.242,0.0,2.708,0.0,0.0,45.0,,Sprint of small group,5.4,3.0,🏔️  Haute montagne,0
2025-05-25,2025,gp-internacional-beiras-e-serra-da-estrela,stage,3.0,Euskaltel - Euskadi,0,2.1,,,0.0,,,,,,,0.0,82.0,68.0,0.0,0.0,3.0,181.29,163.0,15.4,2.78,0.0,0.0,82.6,1.08,96.9,0.957,0.172,0.0,0.172,0.0,0.0,3773.0,3860.0,1990.0,409.0,3.0,1.0,0.0,0.0,2.0,0.998,0.778,0.778,0.778,0.778,4.8,3.67,0.08,123.0,-0.34,498.0,0,2,360.69,14.0,0.0,0.0,0.0,0.0,0.0,0.0,0.0,45.0,,-,4.0,3.0,🏔️  Haute montagne,0
2025-05-28,2025,rhone-alpes-isere-tour,stage,1.0,Metec - SOLARWATT p/b Mantel,0,2.2,,,0.0,,,,,,,0.0,0.0,0.0,0.0,0.0,1.0,134.15,122.0,11.8,0.0,0.0,0.0,125.0,0.351,7.37,0.821,0.313,0.0,0.313,0.0,0.0,1479.0,1488.0,434.0,191.0,6.0,1.0,0.0,0.0,0.0,0.887,0.5235,0.0,0.0,0.0,0.6,0.13,-0.26,144.0,0.12,467.0,0,2,360.69,7.0,0.0,0.0,0.0,0.0,0.0,0.0,0.0,10.0,,Sprint of small group,6.0,1.0,🟢  Plat/Sprint,1
2025-05-29,2025,rhone-alpes-isere-tour,stage,2.0,Metec - SOLARWATT p/b Mantel,0,2.2,,,0.0,,,,,,,0.0,0.0,0.0,0.0,0.0,2.0,153.89,122.0,31.9,0.0,0.0,0.0,147.0,1.93,2.62,2.18,0.0,0.0,0.0,0.0,0.0,2099.0,2272.0,659.0,205.0,4.0,3.0,1.0,0.0,0.0,0.9103,0.7359,0.4477,0.0,0.0,3.6,1.43,0.8,187.0,0.31,788.0,0,2,360.69,7.0,0.0,0.0,0.0,0.0,0.0,0.0,0.0,10.0,,-,1.2,2.0,⛰️  Moy. montagne,1
2025-05-30,2025,rhone-alpes-isere-tour,stage,3.0,Metec - SOLARWATT p/b Mantel,0,2.2,,,0.0,,,,,,,0.0,0.0,0.0,0.0,0.0,3.0,158.74,125.0,33.9,0.0,0.0,0.0,149.0,5.78,0.691,3.79,0.0,0.0,0.0,0.0,0.0,1738.0,1826.0,460.0,154.0,8.0,1.0,0.0,0.0,0.0,0.7736,0.6391,0.0,0.0,0.0,0.4,0.33,0.04,66.0,-0.12,551.0,0,2,360.69,7.0,0.0,0.0,0.0,0.0,0.0,0.0,0.0,10.0,,Sprint of large group,1.2,2.0,⛰️  Moy. montagne,1
2025-05-31,2025,rhone-alpes-isere-tour,stage,4.0,Metec - SOLARWATT p/b Mantel,0,2.2,,,0.0,,,,,,,0.0,0.0,0.0,0.0,0.0,4.0,175.94,167.0,8.35,0.0,0.0,0.0,171.0,2.23,1.6,1.14,0.0,0.0,0.0,0.0,0.0,2465.0,2661.0,1008.0,146.0,4.0,0.0,2.0,0.0,1.0,0.8933,0.6812,0.6812,0.3962,0.3962,1.1,-0.03,-0.66,62.0,-0.21,525.0,0,2,360.69,7.0,0.0,0.0,0.0,0.0,0.0,0.0,0.0,10.0,,? km solo,1.2,2.0,⛰️  Moy. montagne,1
2025-06-01,2025,rhone-alpes-isere-tour,stage,5.0,Metec - SOLARWATT p/b Mantel,0,2.2,,,0.0,,,,,,,0.0,0.0,0.0,0.0,0.0,5.0,180.67,181.0,0.0,0.0,0.0,0.0,167.0,1.97,1.01,10.8,0.0,0.0,0.0,0.0,0.0,4036.0,3604.0,1431.0,215.0,2.0,2.0,2.0,0.0,2.0,0.9984,0.9984,0.9984,0.7601,0.7601,1.8,1.9,4.66,367.0,-0.05,1211.0,0,1,186.17,7.0,0.0,0.0,0.0,0.0,0.0,0.0,0.0,10.0,,-,0.0,3.0,🏔️  Haute montagne,0
2025-06-04,2025,tour-of-slovenia,stage,1.0,Euskaltel - Euskadi,0,2.Pro,,,0.0,,,,,,,0.0,13.0,13.0,0.0,0.0,1.0,170.45,163.0,7.44,0.0,0.0,0.0,125.0,3.9,9.24,20.3,0.277,0.0,0.731,7.49,0.0,1893.0,1611.0,659.0,-3.0,4.0,0.0,0.0,1.0,0.0,0.5733,0.4613,0.4613,0.4613,0.0,-0.2,0.0,-0.1,119.0,1.05,987.0,0,0,0.0,20.0,0.0,0.0,0.0,0.0,0.0,0.0,0.0,143.0,25.0,Sprint of large group,0.0,2.0,⛰️  Moy. montagne,0
2025-06-05,2025,tour-of-slovenia,stage,2.0,Euskaltel - Euskadi,0,2.Pro,,,0.0,,,,,,,0.0,13.0,13.0,0.0,0.0,2.0,163.07,137.0,25.7,0.233,0.135,0.0,110.0,6.78,34.1,9.5,0.185,0.0,0.339,0.294,0.135,2092.0,2259.0,718.0,199.0,3.0,0.0,1.0,0.0,0.0,0.908,0.4177,0.4177,0.0,0.0,0.7,0.1,-0.04,129.0,-0.31,377.0,0,0,0.0,20.0,0.0,0.0,0.0,0.0,0.0,0.0,0.0,143.0,27.0,Sprint of small group,0.0,2.0,⛰️  Moy. montagne,0
2025-06-07,2025,heist-op-den-berg,result,,Euskaltel - Euskadi,0,1.1,,,0.0,,,,,,,35.0,35.0,0.0,0.0,0.0,,188.4,67.7,113.0,6.02,0.341,0.8,11.3,15.4,0.825,142.0,1.16,0.0,1.23,0.92,0.409,492.0,497.0,45.0,2.0,0.0,0.0,0.0,0.0,0.0,0.0,0.0,0.0,0.0,0.0,-2.1,0.43,0.24,103.0,-0.01,91.0,1,0,0.0,125.0,1.849,0.02,0.579,0.01,0.458,0.0,0.0,194.0,17.0,Sprint of large group,0.0,1.0,🟢  Plat/Sprint,0
2025-06-08,2025,brussels-cycling-classic,result,,Euskaltel - Euskadi,0,1.Pro,,,0.0,,,,,,,8.0,8.0,0.0,0.0,0.0,,205.35,152.0,45.5,8.05,0.0,0.0,96.7,26.6,7.42,69.0,0.0,0.561,0.468,0.347,0.0,1963.0,2038.0,149.0,15.0,5.0,0.0,0.0,0.0,0.0,0.7802,0.0,0.0,0.0,0.0,1.2,-0.23,-0.2,171.0,-0.11,395.0,1,0,0.0,200.0,2.382,0.0,2.195,0.0,0.0,0.0,0.0,356.0,15.0,Sprint of large group,7.0,1.0,🟢  Plat/Sprint,0
2025-06-09,2025,antwerp-port-epic,result,,Euskaltel - Euskadi,0,1.1,,,0.0,,,,,,,0.0,0.0,0.0,0.0,0.0,,181.97,87.1,32.2,23.3,25.2,2.09,56.8,11.0,2.42,31.9,11.7,0.247,12.6,23.1,4.13,467.8,465.0,13.0,-5.8,0.0,0.0,0.0,0.0,0.0,0.0,0.0,0.0,0.0,0.0,-0.0,-0.07,0.02,22.4,0.01,107.4,1,0,0.0,125.0,0.0,0.0,0.0,0.0,0.0,0.0,0.0,290.0,18.0,Sprint à deux,8.6,1.0,🟢  Plat/Sprint,0
2025-06-14,2025,dwars-door-het-hageland,result,,Metec - SOLARWATT p/b Mantel,1,1.Pro,FIN,36.0,3.0,,,,,,,3.0,3.0,0.0,0.0,0.0,,179.26,56.1,75.8,3.36,12.1,30.9,23.3,22.4,0.83,63.9,0.91,0.128,1.28,43.7,0.111,1328.0,1291.0,73.0,8.0,0.0,0.0,0.0,0.0,0.0,0.0,0.0,0.0,0.0,0.0,2.9,0.17,0.56,99.0,0.01,293.0,1,0,0.0,200.0,1.596,12.641,0.743,5.319,0.743,3.856,0.015,272.0,25.0,Sprint of small group,6.0,1.0,🟢  Plat/Sprint,1
2025-06-14,2025,dwars-door-het-hageland,result,,Euskaltel - Euskadi,0,1.Pro,,,0.0,,,,,,,5.0,5.0,0.0,0.0,0.0,,179.26,56.1,75.8,3.36,12.1,30.9,23.3,22.4,0.83,63.9,0.91,0.128,1.28,43.7,0.111,1328.0,1291.0,73.0,8.0,0.0,0.0,0.0,0.0,0.0,0.0,0.0,0.0,0.0,0.0,2.9,0.17,0.56,99.0,0.01,293.0,1,0,0.0,200.0,1.596,12.641,0.743,5.319,0.743,3.856,0.0,272.0,25.0,Sprint of small group,8.6,1.0,🟢  Plat/Sprint,0
2025-06-15,2025,circuit-des-xi-villes,result,,Euskaltel - Euskadi,0,1.1,,,0.0,,,,,,,33.0,33.0,0.0,0.0,0.0,,195.71,119.0,68.3,6.73,0.61,0.0,42.0,10.2,9.89,124.0,0.615,0.368,2.08,0.324,0.331,543.0,542.0,36.0,-2.0,0.0,0.0,0.0,0.0,0.0,0.0,0.0,0.0,0.0,0.0,0.2,0.13,0.0,94.0,-0.01,128.0,1,1,179.26,125.0,0.719,0.0,0.269,0.0,0.269,0.0,0.0,222.0,21.0,Sprint of large group,9.6,1.0,🟢  Plat/Sprint,0
2025-06-15,2025,circuit-des-xi-villes,result,,Metec - SOLARWATT p/b Mantel,0,1.1,,,0.0,,,,,,,0.0,0.0,0.0,0.0,0.0,,195.71,119.0,68.3,6.73,0.61,0.0,42.0,10.2,9.89,124.0,0.615,0.368,2.08,0.324,0.331,543.0,542.0,36.0,-2.0,0.0,0.0,0.0,0.0,0.0,0.0,0.0,0.0,0.0,0.0,0.2,0.13,0.0,94.0,-0.01,128.0,0,1,179.26,125.0,0.719,0.0,0.269,0.0,0.269,0.0,0.0,222.0,21.0,Sprint of large group,6.6,1.0,🟢  Plat/Sprint,1
2025-06-18,2025,la-route-d-occitanie,stage,1.0,Euskaltel - Euskadi,0,2.1,,,0.0,,,,,,,0.0,3.0,3.0,0.0,0.0,1.0,10.49,10.3,0.0,0.0,0.0,0.0,10.2,0.0,0.135,0.0,0.193,0.0,0.193,0.0,0.0,330.0,111.0,566.0,324.0,1.0,1.0,0.0,0.0,0.0,0.9957,0.4968,0.0,0.0,0.0,4.6,1.63,-0.44,330.0,2.09,330.0,0,1,179.26,14.0,0.0,0.0,0.0,0.0,0.0,0.0,0.0,125.0,28.0,Time trial,16.2,1.0,🟢  Plat/Sprint,0
2025-06-18,2025,tour-of-belgium,stage,1.0,Metec - SOLARWATT p/b Mantel,1,2.Pro,FIN,95.0,0.0,10.0,35.0,,,,,0.0,35.0,35.0,0.0,0.0,1.0,197.96,116.0,67.5,12.1,1.74,0.0,55.4,19.5,0.589,76.5,0.0,0.0,1.45,1.34,0.588,657.0,657.0,60.0,-3.0,0.0,0.0,0.0,0.0,0.0,0.0,0.0,0.0,0.0,0.0,0.6,0.37,0.32,35.0,0.01,238.0,1,1,179.26,20.0,4.371,0.0,1.71,0.0,0.951,0.0,0.0,300.0,25.0,Sprint of large group,6.6,1.0,🟢  Plat/Sprint,1
2025-06-19,2025,tour-of-belgium,stage,2.0,Metec - SOLARWATT p/b Mantel,1,2.Pro,FIN,32.0,0.0,10.0,35.0,,,,,0.0,35.0,35.0,0.0,0.0,2.0,194.15,46.0,142.0,5.31,0.0,0.0,10.2,26.9,0.403,140.0,0.0,0.0,0.592,0.176,0.135,477.0,494.0,44.0,5.0,0.0,0.0,0.0,0.0,0.0,0.0,0.0,0.0,0.0,0.0,0.7,0.3,0.18,25.0,-0.04,124.0,1,2,377.22,20.0,1.937,0.0,0.968,0.0,0.968,0.0,0.0,300.0,26.0,Sprint of large group,6.6,1.0,🟢  Plat/Sprint,1
2025-06-19,2025,la-route-d-occitanie,stage,2.0,Euskaltel - Euskadi,0,2.1,,,0.0,,,,,,,0.0,3.0,3.0,0.0,0.0,2.0,195.79,195.0,0.476,0.0,0.0,0.0,192.0,0.505,3.41,0.0,0.0,0.0,0.0,0.0,0.0,2264.0,2284.0,834.0,210.0,4.0,1.0,2.0,0.0,0.0,0.9476,0.7336,0.7336,0.0,0.0,1.0,0.5,0.28,180.0,0.39,842.0,0,2,377.22,14.0,0.0,0.0,0.0,0.0,0.0,0.0,0.0,125.0,30.0,Sprint of large group,0.0,2.0,⛰️  Moy. montagne,0
2025-06-20,2025,tour-of-belgium,stage,3.0,Metec - SOLARWATT p/b Mantel,1,2.Pro,FIN,17.0,0.0,10.0,35.0,,,,,0.0,35.0,35.0,0.0,0.0,3.0,9.71,5.92,3.59,0.0,0.142,0.0,0.0,4.07,0.0,3.86,0.0,0.0,1.52,0.142,0.0,51.0,56.0,46.0,20.0,0.0,0.0,0.0,0.0,0.0,0.0,0.0,0.0,0.0,0.0,0.1,0.0,-0.1,51.0,-0.05,51.0,1,3,571.37,20.0,0.0,0.0,0.0,0.0,0.0,0.0,0.0,300.0,25.0,Time trial,0.6,1.0,🟢  Plat/Sprint,1
2025-06-20,2025,la-route-d-occitanie,stage,3.0,Euskaltel - Euskadi,0,2.1,,,0.0,,,,,,,0.0,3.0,3.0,0.0,0.0,3.0,172.5,172.0,0.0,0.0,0.0,0.0,131.0,0.0,41.1,0.0,0.186,0.0,0.0,0.0,0.0,3704.0,2140.0,2108.0,150.0,1.0,1.0,0.0,0.0,2.0,0.9996,0.9996,0.9996,0.9996,0.9996,6.6,7.17,7.56,378.0,0.24,188.0,0,3,571.37,14.0,0.0,0.0,0.0,0.0,0.0,0.0,0.0,125.0,28.0,6 km solo,2.8,3.0,🏔️  Haute montagne,0
2025-06-21,2025,la-route-d-occitanie,stage,4.0,Euskaltel - Euskadi,0,2.1,,,0.0,,,,,,,0.0,3.0,3.0,0.0,0.0,4.0,128.41,129.0,0.0,0.0,0.0,0.0,122.0,0.0,0.393,6.16,0.0,0.0,0.0,0.0,0.0,2640.0,2662.0,1390.0,357.0,0.0,0.0,2.0,0.0,1.0,0.7558,0.7558,0.7558,0.4782,0.4782,-0.5,-0.47,-0.5,41.0,0.67,1197.0,0,4,581.08,14.0,0.0,0.0,0.0,0.0,0.0,0.0,0.0,125.0,32.0,Sprint of large group,0.0,2.0,⛰️  Moy. montagne,0
2025-06-21,2025,tour-of-belgium,stage,4.0,Metec - SOLARWATT p/b Mantel,1,2.Pro,FIN,18.0,0.0,10.0,35.0,,,,,0.0,35.0,35.0,0.0,0.0,4.0,172.87,158.0,13.7,0.723,0.128,0.0,143.0,2.04,26.2,0.838,0.0,0.0,0.96,0.128,0.0,2931.0,2873.0,326.0,119.0,7.0,5.0,0.0,0.0,0.0,0.96,0.96,0.0,0.0,0.0,6.3,0.27,-0.5,216.0,0.35,946.0,1,4,581.08,20.0,0.381,0.0,0.19,0.0,0.19,0.0,0.0,300.0,28.0,0.2 km solo,1.2,2.0,⛰️  Moy. montagne,1
2025-06-22,2025,copenhagen-sprint,result,,Euskaltel - Euskadi,0,1.UWT,,,0.0,,,,,,,25.0,25.0,0.0,0.0,0.0,,150.94,103.0,44.0,0.215,0.879,0.222,37.1,7.74,9.08,67.5,2.18,0.0,3.53,0.737,0.534,686.0,685.0,63.0,1.0,0.0,0.0,0.0,0.0,0.0,0.0,0.0,0.0,0.0,0.0,-0.2,-0.17,0.0,40.0,0.03,226.0,1,5,753.95,300.0,0.0,0.0,0.0,0.0,0.0,0.0,0.0,358.0,24.0,Sprint of large group,9.2,1.0,🟢  Plat/Sprint,0
2025-06-22,2025,andorra-morabanc-classica,result,,Euskaltel - Euskadi,0,1.1,,,0.0,,,,,,,5.0,5.0,0.0,0.0,0.0,,114.65,110.0,2.89,0.0,0.0,0.0,31.3,3.45,71.9,5.82,2.24,0.0,1.42,0.0,0.0,3533.0,2358.0,2401.0,893.0,0.0,1.0,1.0,0.0,2.0,0.9996,0.9996,0.9996,0.9996,0.9996,8.1,8.4,8.02,401.0,1.65,1587.0,0,5,753.95,125.0,0.0,0.0,0.0,0.0,0.0,0.0,0.0,199.0,25.0,Sprint of 5 riders,2.8,3.0,🏔️  Haute montagne,0
2025-06-22,2025,tour-of-belgium,stage,5.0,Metec - SOLARWATT p/b Mantel,1,2.Pro,FIN,47.0,0.0,10.0,35.0,,,,,0.0,35.0,35.0,0.0,0.0,5.0,183.14,68.4,115.0,0.141,0.0,0.0,35.9,8.16,0.0,121.0,0.0,0.0,18.6,0.0,0.0,1182.0,1163.0,78.0,13.0,0.0,0.0,0.0,0.0,0.0,0.0,0.0,0.0,0.0,0.0,1.4,1.23,0.54,102.0,-0.03,327.0,1,5,753.95,20.0,0.0,0.0,0.0,0.0,0.0,0.0,0.0,300.0,26.0,Sprint of large group,0.6,1.0,🟢  Plat/Sprint,1
2025-06-24,2025,nc-netherlands-itt,result,,Metec - SOLARWATT p/b Mantel,1,NC,FIN,3.0,20.0,,,,,,,20.0,20.0,0.0,0.0,0.0,,,,,,,,,,,,,,,,,,,,,0.0,0.0,0.0,0.0,0.0,,,,,,,,,,,,1,6,937.09,,,,,,,,,23.0,,Time trial,,,,0
2025-06-26,2025,nc-poland-itt,result,,Euskaltel - Euskadi,0,NC,,,0.0,,,,,,,3.0,3.0,0.0,0.0,0.0,,,,,,,,,,,,,,,,,,,,,0.0,0.0,0.0,0.0,0.0,,,,,,,,,,,,0,7,937.09,,,,,,,,,,,Time trial,,,,0
2025-06-27,2025,nc-spain-itt,result,,Euskaltel - Euskadi,0,NC,,,0.0,,,,,,,0.0,0.0,0.0,0.0,0.0,,14.0,13.8,0.0,0.0,0.0,0.0,13.7,0.325,0.0,0.0,0.0,0.0,0.283,0.0,0.0,737.0,17.0,2380.0,1660.0,0.0,0.0,0.0,1.0,0.0,0.9966,0.9966,0.9966,0.9966,0.0,5.4,6.47,5.12,615.0,5.14,737.0,0,7,937.09,50.0,0.0,0.0,0.0,0.0,0.0,0.0,0.0,56.0,,Time trial,5.0,0.0,⏱️  CLM,0
2025-06-28,2025,nc-netherlands,result,,Metec - SOLARWATT p/b Mantel,1,NC,FIN,121.0,0.0,,,,,,,0.0,0.0,0.0,0.0,0.0,,,,,,,,,,,,,,,,,,,,,0.0,0.0,0.0,0.0,0.0,,,,,,,,,,,,1,7,937.09,,,,,,,,,136.0,,Sprint of small group,,,,0
2025-06-29,2025,ncgreat-britain,result,,Euskaltel - Euskadi,0,NC,,,0.0,,,,,,,0.0,0.0,0.0,0.0,0.0,,,,,,,,,,,,,,,,,,,,,0.0,0.0,0.0,0.0,0.0,,,,,,,,,,,,0,8,937.09,,,,,,,,,51.0,,12.2 km solo,,,,0
2025-06-29,2025,nc-france,result,,Euskaltel - Euskadi,0,NC,,,0.0,,,,,,,0.0,0.0,0.0,0.0,0.0,,,,,,,,,,,,,,,,,,,,,0.0,0.0,0.0,0.0,0.0,,,,,,,,,,,,0,8,937.09,,,,,,,,,298.0,,Sprint of small group,,,,0
2025-06-29,2025,nc-spain,result,,Euskaltel - Euskadi,0,NC,,,0.0,,,,,,,0.0,0.0,0.0,0.0,0.0,,144.38,129.0,15.9,0.0,0.0,0.0,133.0,7.65,3.77,0.0,0.0,0.0,0.0,0.0,0.0,2808.0,2808.0,1296.0,678.0,4.0,2.0,2.0,0.0,0.0,0.8046,0.8046,0.8046,0.0,0.0,-1.0,-1.2,-1.22,54.0,0.51,1026.0,0,8,937.09,100.0,0.0,0.0,0.0,0.0,0.0,0.0,0.0,151.0,,20 km solo,0.0,2.0,⛰️  Moy. montagne,0
2025-06-29,2025,nc-poland,result,,Euskaltel - Euskadi,0,NC,,,0.0,,,,,,,0.0,0.0,0.0,0.0,0.0,,,,,,,,,,,,,,,,,,,,,0.0,0.0,0.0,0.0,0.0,,,,,,,,,,,,0,8,937.09,,,,,,,,,20.0,,? km solo,,,,0
2025-06-29,2025,nc-hungary,result,,Euskaltel - Euskadi,0,NC,,,0.0,,,,,,,100.0,100.0,0.0,0.0,0.0,,,,,,,,,,,,,,,,,,,,,0.0,0.0,0.0,0.0,0.0,,,,,,,,,,,,0,8,937.09,,,,,,,,,,,12 km solo,,,,0
2025-07-06,2025,tour-of-magnificent-qinghai,stage,1.0,Euskaltel - Euskadi,0,2.Pro,,,0.0,,,,,,,0.0,113.0,108.0,0.0,0.0,1.0,120.6,121.0,0.0,0.0,0.0,0.0,63.8,0.0,56.8,0.0,0.0,0.0,0.0,0.0,0.0,498.0,497.0,2294.0,2254.0,0.0,0.0,0.0,0.0,0.0,0.0,0.0,0.0,0.0,0.0,-0.5,0.27,0.24,188.0,-0.02,205.0,0,8,937.09,20.0,0.0,0.0,0.0,0.0,0.0,0.0,0.0,124.0,23.0,Sprint of large group,12.6,1.0,🟢  Plat/Sprint,0
2025-07-06,2025,midden-brabant-poort-omloop,result,,Metec - SOLARWATT p/b Mantel,0,1.2,,,0.0,,,,,,,5.0,5.0,0.0,0.0,0.0,,176.15,88.3,69.0,19.0,0.0,0.0,164.0,2.54,0.0,8.58,0.0,0.0,0.712,0.0,0.0,388.0,387.0,26.0,10.0,0.0,0.0,0.0,0.0,0.0,0.0,0.0,0.0,0.0,0.0,0.4,0.1,-0.04,39.0,-0.01,94.0,0,8,937.09,40.0,3.941,0.0,1.788,0.0,1.163,0.0,0.0,4.0,,Sprint à deux,0.0,1.0,🟢  Plat/Sprint,1
2025-07-07,2025,tour-of-magnificent-qinghai,stage,2.0,Euskaltel - Euskadi,0,2.Pro,,,0.0,,,,,,,0.0,113.0,108.0,0.0,0.0,2.0,150.81,128.0,23.0,0.0,0.0,0.0,72.6,0.756,77.7,0.0,0.0,0.0,0.0,0.0,0.0,2255.0,2147.0,3380.0,2367.0,1.0,1.0,0.0,1.0,1.0,0.8476,0.8476,0.8476,0.8476,0.2862,-1.0,-0.97,-0.72,577.0,0.5,1017.0,0,8,937.09,20.0,0.0,0.0,0.0,0.0,0.0,0.0,0.0,124.0,21.0,Sprint à deux,3.8,3.0,🏔️  Haute montagne,0
2025-07-08,2025,tour-of-magnificent-qinghai,stage,3.0,Euskaltel - Euskadi,0,2.Pro,,,0.0,,,,,,,0.0,113.0,108.0,0.0,0.0,3.0,219.36,220.0,0.0,0.0,0.0,0.0,66.2,0.0,153.0,0.0,0.0,0.0,0.0,0.0,0.0,2820.0,2421.0,3472.0,2366.0,0.0,1.0,0.0,0.0,2.0,0.9402,0.9402,0.7404,0.7404,0.7404,-1.9,-1.2,-1.08,210.0,0.36,996.0,0,8,937.09,20.0,0.0,0.0,0.0,0.0,0.0,0.0,0.0,124.0,14.0,Sprint of large group,3.8,3.0,🏔️  Haute montagne,0
2025-07-09,2025,tour-of-magnificent-qinghai,stage,4.0,Euskaltel - Euskadi,0,2.Pro,,,0.0,,,,,,,0.0,113.0,108.0,0.0,0.0,4.0,172.68,172.0,0.0,0.0,0.0,0.0,6.96,0.0,165.0,0.0,0.896,0.0,0.0,0.0,0.0,1342.0,1506.0,3758.0,2706.0,2.0,0.0,0.0,0.0,1.0,0.7712,0.2603,0.2603,0.2603,0.2603,0.4,0.47,-0.24,157.0,1.08,602.0,0,8,937.09,20.0,0.0,0.0,0.0,0.0,0.0,0.0,0.0,124.0,16.0,Sprint of large group,1.0,3.0,🏔️  Haute montagne,0
2025-07-10,2025,tour-of-magnificent-qinghai,stage,5.0,Euskaltel - Euskadi,0,2.Pro,,,0.0,,,,,,,0.0,113.0,108.0,0.0,0.0,5.0,168.61,164.0,0.496,0.0,0.0,0.0,61.4,0.0,104.0,0.0,3.84,0.0,1.02,0.0,0.0,2306.0,1736.0,3889.0,2722.0,1.0,1.0,1.0,0.0,1.0,0.9182,0.9182,0.7947,0.4403,0.4403,-0.1,-0.5,-1.42,0.0,1.84,1248.0,0,8,937.09,20.0,0.0,0.0,0.0,0.0,0.0,0.0,0.0,124.0,17.0,Sprint of large group,1.0,3.0,🏔️  Haute montagne,0
2025-07-11,2025,tour-of-magnificent-qinghai,stage,6.0,Euskaltel - Euskadi,0,2.Pro,,,0.0,,,,,,,5.0,113.0,108.0,0.0,0.0,6.0,233.02,231.0,0.0,0.0,0.0,0.0,5.62,0.0,161.0,64.4,2.76,0.0,0.0,0.0,0.0,967.0,1383.0,3724.0,2877.0,1.0,0.0,1.0,0.0,0.0,0.8132,0.6155,0.6155,0.0,0.0,0.5,-1.0,-2.46,458.0,-0.2,68.0,0,8,937.09,20.0,0.0,0.0,0.0,0.0,0.0,0.0,0.0,124.0,17.0,Sprint of 7 riders,0.0,2.0,⛰️  Moy. montagne,0
2025-07-12,2025,tour-of-magnificent-qinghai,stage,7.0,Euskaltel - Euskadi,0,2.Pro,,,0.0,,,,,,,0.0,113.0,108.0,0.0,0.0,7.0,136.91,137.0,0.0,0.0,0.0,0.0,4.04,0.0,113.0,20.2,0.0,0.0,0.0,0.0,0.0,1284.0,1163.0,3724.0,2874.0,2.0,0.0,0.0,0.0,1.0,0.7543,0.4833,0.4833,0.4833,0.4833,-0.9,-0.7,-0.74,395.0,0.69,1006.0,0,8,937.09,20.0,0.0,0.0,0.0,0.0,0.0,0.0,0.0,124.0,21.0,Sprint of large group,1.0,3.0,🏔️  Haute montagne,0
2025-07-13,2025,tour-of-magnificent-qinghai,stage,8.0,Euskaltel - Euskadi,0,2.Pro,,,0.0,,,,,,,0.0,113.0,108.0,0.0,0.0,8.0,121.52,122.0,0.0,0.0,0.0,0.0,53.2,0.0,68.4,0.0,0.0,0.0,0.0,0.0,0.0,669.0,671.0,3453.0,2993.0,2.0,0.0,1.0,0.0,0.0,0.9958,0.2949,0.2949,0.0,0.0,0.3,0.4,0.44,291.0,0.28,400.0,0,8,937.09,20.0,0.0,0.0,0.0,0.0,0.0,0.0,0.0,124.0,18.0,Sprint of large group,12.6,1.0,🟢  Plat/Sprint,0
2025-07-21,2025,clasica-terres-de-l-ebre,result,,Euskaltel - Euskadi,0,1.1,,,0.0,,,,,,,0.0,0.0,0.0,0.0,0.0,,186.42,177.0,9.25,0.0,0.0,0.0,127.0,6.86,51.9,0.42,0.0,0.0,0.0,0.0,0.0,2027.0,1877.0,474.0,-3.0,1.0,3.0,1.0,0.0,0.0,0.9997,0.8409,0.7364,0.0,0.0,6.8,4.6,2.98,188.0,0.02,184.0,1,4,356.01,125.0,0.0,0.0,0.0,0.0,0.0,0.0,0.0,151.0,29.0,33 km solo,1.0,2.0,⛰️  Moy. montagne,0
2025-07-22,2025,memorial-andrzeja-trochanowskiego,result,,Metec - SOLARWATT p/b Mantel,0,1.2,,,0.0,,,,,,,18.0,18.0,0.0,0.0,0.0,,174.01,173.0,0.488,0.0,0.0,0.0,169.0,0.0,4.06,0.554,0.736,0.0,0.0,0.0,0.0,617.0,599.0,161.0,124.0,0.0,0.0,0.0,0.0,0.0,0.0,0.0,0.0,0.0,0.0,0.0,0.0,-0.02,18.0,0.05,186.0,0,3,183.14,40.0,0.0,0.0,0.0,0.0,0.0,0.0,0.0,8.0,,Sprint of large group,1.0,1.0,🟢  Plat/Sprint,1
2025-07-23,2025,dookola-mazowsza,stage,1.0,Metec - SOLARWATT p/b Mantel,0,2.2,,,0.0,,,,,,,0.0,6.0,3.0,0.0,0.0,1.0,168.34,150.0,0.0,18.8,0.0,0.0,150.0,0.0,0.0,18.8,0.0,0.0,0.0,0.0,0.0,266.0,267.0,95.0,82.0,0.0,0.0,0.0,0.0,0.0,0.0,0.0,0.0,0.0,0.0,-0.2,0.07,0.04,49.0,-0.0,80.0,0,2,0.0,7.0,7.107,0.0,2.411,0.0,2.411,0.0,0.0,8.0,,Sprint of small group,4.6,1.0,🟢  Plat/Sprint,1
2025-07-24,2025,dookola-mazowsza,stage,2.0,Metec - SOLARWATT p/b Mantel,0,2.2,,,0.0,,,,,,,3.0,6.0,3.0,0.0,0.0,2.0,166.21,166.0,0.0,0.0,0.0,0.0,163.0,3.13,0.0,0.0,0.0,0.0,0.0,0.0,0.0,560.0,559.0,152.0,106.0,0.0,0.0,0.0,0.0,0.0,0.0,0.0,0.0,0.0,0.0,-0.4,-0.37,-0.58,39.0,0.07,182.0,0,2,0.0,7.0,0.0,0.0,0.0,0.0,0.0,0.0,0.0,8.0,,Sprint of large group,4.6,1.0,🟢  Plat/Sprint,1
2025-07-25,2025,dookola-mazowsza,stage,3.0,Metec - SOLARWATT p/b Mantel,0,2.2,,,0.0,,,,,,,0.0,6.0,3.0,0.0,0.0,3.0,165.07,165.0,0.0,0.0,0.0,0.0,160.0,0.0,0.0,5.74,0.0,0.0,0.0,0.0,0.0,225.0,221.0,93.0,80.0,0.0,0.0,0.0,0.0,0.0,0.0,0.0,0.0,0.0,0.0,0.3,0.07,0.1,49.0,0.0,67.0,0,1,0.0,7.0,0.0,0.0,0.0,0.0,0.0,0.0,0.0,8.0,,-,5.2,1.0,🟢  Plat/Sprint,1
2025-07-25,2025,prueba-villafranca,result,,Euskaltel - Euskadi,0,1.1,,,0.0,,,,,,,0.0,0.0,0.0,0.0,0.0,,167.65,167.0,0.432,1.1,0.0,0.0,158.0,5.9,0.0,2.78,0.0,0.0,0.0,2.22,0.0,2715.0,2716.0,444.0,96.0,0.0,0.0,5.0,0.0,0.0,0.9527,0.9527,0.9527,0.0,0.0,-0.2,-3.23,-4.68,76.0,-0.0,703.0,0,1,0.0,125.0,0.285,0.0,0.063,0.0,0.063,0.0,0.0,191.0,20.0,Other,1.0,2.0,⛰️  Moy. montagne,0
2025-07-26,2025,dookola-mazowsza,stage,4.0,Metec - SOLARWATT p/b Mantel,0,2.2,,,0.0,,,,,,,0.0,6.0,3.0,0.0,0.0,4.0,166.11,149.0,15.2,0.198,0.191,0.0,85.0,11.4,68.0,0.0,0.732,0.0,0.732,0.198,0.191,567.0,567.0,160.0,111.0,0.0,0.0,0.0,0.0,0.0,0.0,0.0,0.0,0.0,0.0,0.2,0.03,-0.14,116.0,0.06,181.0,0,1,0.0,7.0,0.0,0.0,0.0,0.0,0.0,0.0,0.0,8.0,,-,5.2,1.0,🟢  Plat/Sprint,1
2025-07-27,2025,puchar-ministra-obrony-narodowej,result,,Metec - SOLARWATT p/b Mantel,0,1.2,,,0.0,,,,,,,3.0,3.0,0.0,0.0,0.0,,164.9,149.0,16.4,0.0,0.0,0.0,122.0,43.0,0.0,0.0,0.0,0.0,0.0,0.0,0.0,394.0,394.0,114.0,90.0,0.0,0.0,0.0,0.0,0.0,0.0,0.0,0.0,0.0,0.0,-0.3,-0.13,-0.12,56.0,0.05,133.0,0,1,0.0,40.0,0.0,0.0,0.0,0.0,0.0,0.0,0.0,6.0,,-,4.2,1.0,🟢  Plat/Sprint,1
2025-07-27,2025,vuelta-a-castilla-y-leon,result,,Euskaltel - Euskadi,0,1.1,,,0.0,,,,,,,3.0,3.0,0.0,0.0,0.0,,201.6,199.0,1.85,0.304,0.0,0.0,178.0,2.74,21.1,0.0,0.293,0.0,0.293,0.0,0.0,1476.0,1331.0,930.0,698.0,3.0,2.0,0.0,0.0,0.0,0.9996,0.5621,0.0,0.0,0.0,7.4,3.0,1.46,110.0,0.17,384.0,0,1,0.0,125.0,0.0,0.0,0.0,0.0,0.0,0.0,0.0,134.0,26.0,Sprint of small group,1.0,2.0,⛰️  Moy. montagne,0
2025-08-02,2025,kreiz-breizh-elites,stage,1.0,Metec - SOLARWATT p/b Mantel,1,2.2,FIN,16.0,0.0,9.0,3.0,,,,,0.0,3.0,3.0,0.0,0.0,1.0,193.62,163.0,30.9,0.0,0.0,0.0,180.0,11.7,1.85,0.242,0.0,0.0,0.0,0.0,0.0,2434.0,2482.0,287.0,58.0,4.0,6.0,0.0,0.0,0.0,0.9728,0.9728,0.0,0.0,0.0,-0.2,-1.0,-1.72,238.0,0.04,576.0,1,0,0.0,7.0,0.0,0.0,0.0,0.0,0.0,0.0,0.0,15.0,,-,0.6,2.0,⛰️  Moy. montagne,1
2025-08-02,2025,san-sebastian,result,,Euskaltel - Euskadi,0,1.UWT,,,0.0,,,,,,,0.0,0.0,0.0,0.0,0.0,,212.46,204.0,4.81,2.19,0.0,0.0,150.0,15.1,36.6,8.02,0.929,0.0,1.76,2.52,0.0,3903.0,3901.0,678.0,-1.0,0.0,2.0,3.0,1.0,0.0,0.9704,0.9704,0.837,0.419,0.0,-0.3,-0.07,-2.82,253.0,0.03,755.0,0,0,0.0,400.0,0.159,0.0,0.155,0.0,0.027,0.0,0.0,718.0,22.0,8.8 km solo,1.6,2.0,⛰️  Moy. montagne,0
2025-08-03,2025,kreiz-breizh-elites,stage,2.0,Metec - SOLARWATT p/b Mantel,1,2.2,FIN,13.0,0.0,9.0,3.0,,,,,0.0,3.0,3.0,0.0,0.0,2.0,161.24,155.0,6.0,0.0,0.0,0.0,120.0,11.2,12.7,17.0,0.0,0.0,0.0,0.0,0.0,2392.0,2451.0,210.0,49.0,1.0,1.0,0.0,0.0,0.0,0.1863,0.1863,0.0,0.0,0.0,2.0,0.63,0.16,163.0,-0.14,554.0,1,1,193.62,7.0,0.0,0.0,0.0,0.0,0.0,0.0,0.0,15.0,,-,0.0,2.0,⛰️  Moy. montagne,1
2025-08-03,2025,circuito-de-getxo,result,,Euskaltel - Euskadi,0,1.1,,,0.0,,,,,,,6.0,6.0,0.0,0.0,0.0,,175.56,158.0,16.6,0.367,0.0,0.0,54.4,31.3,74.6,7.63,0.0,0.0,0.166,7.02,0.0,2470.0,2417.0,214.0,-3.0,6.0,2.0,0.0,0.0,0.0,0.924,0.924,0.0,0.0,0.0,5.5,1.8,1.26,87.0,-0.01,636.0,1,1,193.62,125.0,0.0,0.0,0.0,0.0,0.0,0.0,0.0,199.0,25.0,16.5 km solo,1.6,2.0,⛰️  Moy. montagne,0
2025-08-04,2025,kreiz-breizh-elites,stage,3.0,Metec - SOLARWATT p/b Mantel,1,2.2,FIN,6.0,0.0,9.0,3.0,,,,,0.0,3.0,3.0,0.0,0.0,3.0,180.12,145.0,34.3,0.0,0.0,0.0,165.0,14.2,0.0,0.397,0.0,0.0,0.0,0.0,0.0,2155.0,2032.0,280.0,68.0,4.0,1.0,0.0,0.0,0.0,0.7382,0.2,0.0,0.0,0.0,1.7,1.43,1.26,354.0,0.19,582.0,1,2,354.86,7.0,0.0,0.0,0.0,0.0,0.0,0.0,0.0,15.0,,Sprint of 9 riders,0.0,2.0,⛰️  Moy. montagne,1
2025-08-05,2025,vuelta-a-burgos,stage,1.0,Euskaltel - Euskadi,0,2.Pro,,,0.0,,,,,,,0.0,5.0,5.0,0.0,0.0,1.0,204.26,204.0,0.112,0.396,0.0,0.103,121.0,1.56,81.5,0.0,0.0,0.0,0.0,0.446,0.0,2484.0,2375.0,1115.0,580.0,2.0,2.0,2.0,0.0,0.0,0.8835,0.6513,0.6513,0.0,0.0,4.9,0.53,1.26,172.0,0.19,508.0,0,3,534.98,20.0,0.0,0.0,0.0,0.0,0.0,0.0,0.0,319.0,23.0,Sprint of small group,1.8,2.0,⛰️  Moy. montagne,0
2025-08-06,2025,vuelta-a-burgos,stage,2.0,Euskaltel - Euskadi,0,2.Pro,,,0.0,,,,,,,0.0,5.0,5.0,0.0,0.0,2.0,161.68,162.0,0.162,0.0,0.0,0.0,129.0,0.0,32.5,0.0,0.0,0.0,0.0,0.0,0.0,1328.0,1440.0,962.0,767.0,6.0,1.0,0.0,0.0,0.0,0.9113,0.7834,0.0,0.0,0.0,-1.8,-0.7,-0.64,124.0,-0.16,279.0,0,3,534.98,20.0,0.0,0.0,0.0,0.0,0.0,0.0,0.0,319.0,28.0,Sprint of large group,11.6,1.0,🟢  Plat/Sprint,0
2025-08-07,2025,trans-himalaya-cycling-race,stage,1.0,Euskaltel - Euskadi,0,2.1,,,0.0,,,,,,,0.0,16.0,13.0,0.0,0.0,1.0,129.35,105.0,19.3,0.0,1.56,0.0,37.2,0.913,86.9,0.0,3.81,0.0,3.81,0.646,0.0,725.0,738.0,3059.0,2932.0,2.0,0.0,0.0,0.0,0.0,0.9577,0.0,0.0,0.0,0.0,-0.4,-2.0,-0.54,397.0,-0.1,112.0,0,3,534.98,14.0,0.0,0.0,0.0,0.0,0.0,0.0,0.0,42.0,,Sprint of small group,5.0,1.0,🟢  Plat/Sprint,0
2025-08-07,2025,vuelta-a-burgos,stage,3.0,Euskaltel - Euskadi,0,2.Pro,,,0.0,,,,,,,0.0,5.0,5.0,0.0,0.0,3.0,183.87,184.0,0.444,0.0,0.0,0.0,165.0,0.917,17.7,0.0,0.0,0.0,0.0,0.0,0.0,2624.0,2882.0,957.0,234.0,2.0,5.0,0.0,1.0,0.0,0.9996,0.9162,0.9162,0.9162,0.0,2.6,2.2,1.68,143.0,-0.57,389.0,0,3,534.98,20.0,0.0,0.0,0.0,0.0,0.0,0.0,0.0,319.0,29.0,0.7 km solo,1.8,2.0,⛰️  Moy. montagne,0
2025-08-08,2025,vuelta-a-burgos,stage,4.0,Euskaltel - Euskadi,0,2.Pro,,,0.0,,,,,,,0.0,5.0,5.0,0.0,0.0,4.0,162.61,161.0,0.45,0.0,0.102,0.0,129.0,0.497,32.1,0.0,1.02,0.0,0.59,0.102,0.0,2342.0,2261.0,1348.0,928.0,3.0,4.0,1.0,0.0,0.0,0.9116,0.9116,0.9116,0.0,0.0,0.0,0.67,0.3,69.0,0.12,742.0,0,3,534.98,20.0,0.0,0.0,0.0,0.0,0.0,0.0,0.0,319.0,30.0,? km solo,1.8,2.0,⛰️  Moy. montagne,0
2025-08-08,2025,trans-himalaya-cycling-race,stage,2.0,Euskaltel - Euskadi,0,2.1,,,0.0,,,,,,,0.0,16.0,13.0,0.0,0.0,2.0,108.93,108.0,0.493,0.0,0.0,0.0,3.73,0.918,104.0,0.0,0.0,0.0,0.425,0.0,0.0,418.0,397.0,3643.0,3554.0,1.0,0.0,0.0,0.0,0.0,0.2516,0.0,0.0,0.0,0.0,-0.7,-0.23,-0.16,212.0,0.11,134.0,0,3,534.98,14.0,0.0,0.0,0.0,0.0,0.0,0.0,0.0,42.0,,Sprint of large group,5.0,1.0,🟢  Plat/Sprint,0
2025-08-09,2025,vuelta-a-burgos,stage,5.0,Euskaltel - Euskadi,0,2.Pro,,,0.0,,,,,,,0.0,5.0,5.0,0.0,0.0,5.0,138.14,137.0,0.0,0.0,0.202,0.0,127.0,0.655,9.35,0.0,0.667,0.0,0.185,0.202,0.0,2711.0,1651.0,1866.0,801.0,1.0,2.0,1.0,0.0,1.0,0.9995,0.9995,0.9995,0.9995,0.9995,10.8,10.17,10.16,587.0,0.37,559.0,0,3,534.98,20.0,0.0,0.0,0.0,0.0,0.0,0.0,0.0,319.0,31.0,? km solo,0.0,3.0,🏔️  Haute montagne,0
2025-08-09,2025,trans-himalaya-cycling-race,stage,3.0,Euskaltel - Euskadi,0,2.1,,,0.0,,,,,,,3.0,16.0,13.0,0.0,0.0,3.0,93.05,83.1,9.69,0.0,0.0,0.0,18.6,0.0,35.3,38.9,0.0,0.0,0.0,0.0,0.0,288.0,281.0,3661.0,3644.0,0.0,0.0,0.0,0.0,0.0,0.0,0.0,0.0,0.0,0.0,0.2,0.03,0.0,143.0,0.02,151.0,0,3,534.98,14.0,0.0,0.0,0.0,0.0,0.0,0.0,0.0,42.0,,Sprint of large group,0.0,1.0,🟢  Plat/Sprint,0
2025-08-10,2025,trans-himalaya-cycling-race,stage,4.0,Euskaltel - Euskadi,0,2.1,,,0.0,,,,,,,0.0,16.0,13.0,0.0,0.0,4.0,90.55,70.4,0.118,0.0,0.66,0.0,3.64,0.118,66.8,0.0,19.2,0.0,19.2,0.66,0.0,177.0,360.0,4023.0,3838.0,1.0,0.0,0.0,0.0,0.0,0.6616,0.0,0.0,0.0,0.0,0.0,0.0,-0.1,177.0,-0.27,7.0,0,3,534.98,14.0,0.0,0.0,0.0,0.0,0.0,0.0,0.0,42.0,,Sprint of large group,0.6,1.0,🟢  Plat/Sprint,0
2025-08-12,2025,tour-of-denmark,stage,1.0,Euskaltel - Euskadi,1,2.Pro,FIN,38.0,0.0,7.0,60.0,,,,,0.0,63.0,63.0,0.0,0.0,1.0,178.33,167.0,10.5,0.0,0.23,0.0,150.0,3.92,1.88,16.8,0.0,0.0,0.229,0.307,0.0,1568.0,1585.0,120.0,1.0,7.0,0.0,0.0,0.0,0.0,0.8413,0.0,0.0,0.0,0.0,-0.6,-1.0,-0.52,56.0,0.09,468.0,0,3,534.98,20.0,0.0,0.0,0.0,0.0,0.0,0.0,0.0,223.0,20.0,Sprint of small group,0.6,1.0,🟢  Plat/Sprint,0
2025-08-13,2025,tour-of-denmark,stage,2.0,Euskaltel - Euskadi,1,2.Pro,FIN,68.0,0.0,7.0,60.0,,,,,0.0,63.0,63.0,0.0,0.0,2.0,110.57,89.9,16.1,0.206,0.749,0.187,53.9,7.82,0.0,28.4,3.16,0.0,1.08,0.878,0.396,590.0,576.0,48.0,3.0,0.0,0.0,0.0,0.0,0.0,0.0,0.0,0.0,0.0,0.0,0.7,0.4,0.08,61.0,-0.0,253.0,0,4,713.3100000000001,20.0,0.0,0.0,0.0,0.0,0.0,0.0,0.0,223.0,27.0,Sprint of large group,0.6,1.0,🟢  Plat/Sprint,0
2025-08-14,2025,czech-tour,stage,1.0,Metec - SOLARWATT p/b Mantel,0,2.1,,,0.0,,,,,,,0.0,0.0,0.0,0.0,0.0,1.0,162.58,162.0,0.404,0.459,0.0,0.0,161.0,1.48,0.322,0.0,0.0,0.0,0.0,0.0,0.0,1999.0,1943.0,705.0,237.0,3.0,1.0,1.0,0.0,0.0,0.8341,0.8341,0.8341,0.0,0.0,-0.6,-1.07,-0.84,123.0,0.27,756.0,0,5,823.8800000000001,14.0,0.0,0.0,0.0,0.0,0.0,0.0,0.0,63.0,31.0,Sprint of large group,0.0,2.0,⛰️  Moy. montagne,1
2025-08-14,2025,tour-of-denmark,stage,3.0,Euskaltel - Euskadi,1,2.Pro,FIN,10.0,0.0,7.0,60.0,,,,,0.0,63.0,63.0,0.0,0.0,3.0,14.25,14.1,0.0,0.12,0.0,0.0,10.0,0.592,0.0,3.63,0.0,0.0,0.0,0.0,0.0,50.0,49.0,23.0,0.0,0.0,0.0,0.0,0.0,0.0,0.0,0.0,0.0,0.0,0.0,-0.1,-0.47,-0.08,50.0,0.01,50.0,0,5,823.8800000000001,20.0,0.0,0.0,0.0,0.0,0.0,0.0,0.0,223.0,26.0,Time trial,0.6,1.0,🟢  Plat/Sprint,0
2025-08-15,2025,circuit-franco-belge,result,,Euskaltel - Euskadi,0,1.Pro,,,0.0,,,,,,,13.0,13.0,0.0,0.0,0.0,,207.57,135.0,72.2,0.407,0.0,0.0,134.0,19.1,3.26,48.3,0.0,0.0,2.81,0.0,0.0,2284.0,2210.0,126.0,8.0,8.0,0.0,0.0,0.0,0.0,0.9344,0.0,0.0,0.0,0.0,6.3,2.53,1.48,86.0,0.02,429.0,1,6,838.1300000000001,200.0,0.0,0.0,0.0,0.0,0.0,0.0,0.0,282.0,28.0,Sprint of small group,1.2,2.0,⛰️  Moy. montagne,0
2025-08-15,2025,czech-tour,stage,2.0,Metec - SOLARWATT p/b Mantel,0,2.1,,,0.0,,,,,,,0.0,0.0,0.0,0.0,0.0,2.0,172.8,172.0,0.747,0.148,0.0,0.0,123.0,14.6,32.4,2.54,0.0,0.0,0.612,0.0,0.0,2447.0,1354.0,1324.0,227.0,4.0,0.0,1.0,0.0,1.0,0.9993,0.9993,0.9993,0.9993,0.9993,5.2,6.27,6.88,443.0,0.26,291.0,0,6,838.1300000000001,14.0,0.0,0.0,0.0,0.0,0.0,0.0,0.0,63.0,32.0,Sprint of small group,0.0,3.0,🏔️  Haute montagne,0
2025-08-15,2025,tour-of-denmark,stage,4.0,Euskaltel - Euskadi,1,2.Pro,FIN,15.0,0.0,7.0,60.0,,,,,0.0,63.0,63.0,0.0,0.0,4.0,226.71,205.0,20.9,0.0,0.191,0.0,157.0,5.14,4.92,45.8,0.0,0.0,0.964,0.156,0.0,1941.0,1926.0,96.0,-1.0,7.0,0.0,0.0,0.0,0.0,0.95,0.0,0.0,0.0,0.0,4.7,1.8,-0.18,214.0,0.01,334.0,0,6,838.1300000000001,20.0,0.0,0.0,0.0,0.0,0.0,0.0,0.0,223.0,23.0,30 km solo,3.8,2.0,⛰️  Moy. montagne,0
2025-08-16,2025,czech-tour,stage,3.0,Metec - SOLARWATT p/b Mantel,0,2.1,,,0.0,,,,,,,0.0,0.0,0.0,0.0,0.0,3.0,148.3,147.0,1.3,0.313,0.0,0.0,141.0,0.879,6.26,0.165,0.0,0.0,0.186,0.0,0.124,1208.0,1212.0,658.0,199.0,1.0,1.0,1.0,0.0,0.0,0.7912,0.7912,0.2895,0.0,0.0,0.5,-0.03,-0.1,33.0,0.56,552.0,0,7,1064.84,14.0,0.0,0.0,0.0,0.0,0.0,0.0,0.0,63.0,28.0,Sprint of large group,1.2,1.0,🟢  Plat/Sprint,1
2025-08-16,2025,tour-of-denmark,stage,5.0,Euskaltel - Euskadi,1,2.Pro,FIN,8.0,0.0,7.0,60.0,,,,,0.0,63.0,63.0,0.0,0.0,5.0,156.99,149.0,7.2,0.411,0.0,0.0,121.0,1.25,4.95,24.7,0.0,0.0,0.0,0.0,0.0,1413.0,1383.0,127.0,1.0,4.0,0.0,0.0,0.0,0.0,0.6121,0.0,0.0,0.0,0.0,3.5,1.93,0.1,179.0,-0.03,383.0,0,7,1064.84,20.0,0.0,0.0,0.0,0.0,0.0,0.0,0.0,223.0,20.0,Sprint of small group,0.6,1.0,🟢  Plat/Sprint,0
2025-08-17,2025,la-poly-normande,result,,Euskaltel - Euskadi,0,1.1,,,0.0,,,,,,,8.0,8.0,0.0,0.0,0.0,,168.81,115.0,54.2,0.0,0.0,0.0,169.0,0.0,0.0,0.0,0.0,0.0,0.0,0.0,0.0,2159.0,2087.0,189.0,35.0,11.0,0.0,0.0,0.0,0.0,0.9331,0.0,0.0,0.0,0.0,2.9,1.33,0.38,140.0,0.12,672.0,1,8,1221.8300000000002,125.0,0.0,0.0,0.0,0.0,0.0,0.0,0.0,109.0,26.0,8.9 km solo,2.6,2.0,⛰️  Moy. montagne,0
2025-08-17,2025,czech-tour,stage,4.0,Metec - SOLARWATT p/b Mantel,0,2.1,,,0.0,,,,,,,0.0,0.0,0.0,0.0,0.0,4.0,179.2,179.0,0.812,0.0,0.0,0.0,124.0,11.2,44.2,0.397,0.0,0.0,0.0,0.0,0.0,2716.0,1891.0,1015.0,190.0,2.0,2.0,1.0,0.0,1.0,0.9997,0.9997,0.9997,0.9997,0.9997,6.2,6.97,7.58,567.0,0.34,444.0,0,8,1221.8300000000002,14.0,0.0,0.0,0.0,0.0,0.0,0.0,0.0,63.0,22.0,Sprint of small group,0.0,3.0,🏔️  Haute montagne,0
2025-08-19,2025,tour-du-limousin,stage,1.0,Euskaltel - Euskadi,0,2.1,,,0.0,,,,,,,0.0,3.0,3.0,0.0,0.0,1.0,184.34,174.0,9.88,0.0,0.0,0.0,180.0,0.564,3.9,0.0,0.0,0.0,0.0,0.0,0.0,3127.0,2718.0,910.0,311.0,5.0,2.0,2.0,0.0,0.0,0.9533,0.8888,0.8888,0.0,0.0,-0.3,0.17,-0.34,196.0,0.32,845.0,1,8,1221.8300000000002,14.0,0.0,0.0,0.0,0.0,0.0,0.0,0.0,116.0,19.0,Sprint à deux,4.2,2.0,⛰️  Moy. montagne,0
2025-08-20,2025,tour-du-limousin,stage,2.0,Euskaltel - Euskadi,0,2.1,,,0.0,,,,,,,0.0,3.0,3.0,0.0,0.0,2.0,172.71,125.0,47.6,0.0,0.0,0.0,168.0,3.06,2.2,0.0,0.0,0.0,0.0,0.0,0.0,2827.0,2678.0,344.0,83.0,5.0,7.0,0.0,0.0,0.0,0.9995,0.9995,0.0,0.0,0.0,5.6,4.93,4.8,399.0,0.0,640.0,1,8,1221.8300000000002,14.0,0.0,0.0,0.0,0.0,0.0,0.0,0.0,116.0,25.0,1.9 km solo,4.2,2.0,⛰️  Moy. montagne,0
2025-08-21,2025,tour-du-limousin,stage,3.0,Euskaltel - Euskadi,0,2.1,,,0.0,,,,,,,0.0,3.0,3.0,0.0,0.0,3.0,181.9,162.0,19.7,0.0,0.0,0.0,172.0,1.54,8.58,0.195,0.0,0.0,0.0,0.0,0.0,3030.0,2932.0,532.0,169.0,7.0,2.0,1.0,0.0,0.0,0.9997,0.9997,0.9997,0.0,0.0,8.7,1.07,1.04,304.0,-0.11,768.0,1,8,1221.8300000000002,14.0,0.0,0.0,0.0,0.0,0.0,0.0,0.0,116.0,18.0,Sprint of large group,4.2,2.0,⛰️  Moy. montagne,0
2025-08-22,2025,tour-du-limousin,stage,4.0,Euskaltel - Euskadi,0,2.1,,,0.0,,,,,,,0.0,3.0,3.0,0.0,0.0,4.0,164.57,143.0,21.4,0.0,0.0,0.0,145.0,12.1,5.86,1.17,0.0,0.0,0.0,0.0,0.0,2407.0,2455.0,496.0,215.0,13.0,1.0,0.0,0.0,0.0,0.9487,0.2992,0.0,0.0,0.0,2.3,1.87,-0.48,214.0,0.04,672.0,1,8,1221.8300000000002,14.0,0.0,0.0,0.0,0.0,0.0,0.0,0.0,116.0,22.0,Sprint of small group,1.6,2.0,⛰️  Moy. montagne,0
2025-08-27,2025,muur-classic-geraardsbergen,result,,Euskaltel - Euskadi,0,1.1,,,0.0,,,,,,,0.0,0.0,0.0,0.0,0.0,,178.66,81.4,83.0,14.1,0.0,0.0,36.6,108.0,0.0,34.4,0.0,0.598,0.598,0.113,0.0,1783.0,1774.0,104.0,15.0,3.0,0.0,0.0,0.0,0.0,0.8361,0.0,0.0,0.0,0.0,3.5,-0.4,-0.32,112.0,-0.06,437.0,1,8,1221.8300000000002,125.0,4.132,0.0,1.656,0.0,1.396,0.0,0.0,158.0,,5.4 km solo,0.0,1.0,🟢  Plat/Sprint,0
2025-08-30,2025,slag-om-norg,result,,Metec - SOLARWATT p/b Mantel,1,1.2,FIN,3.0,25.0,,,,,,,25.0,25.0,0.0,0.0,0.0,,166.54,105.0,11.4,14.7,36.5,0.0,95.2,0.0,0.0,14.0,0.0,0.0,21.6,36.5,0.167,340.0,337.0,17.0,4.0,0.0,0.0,0.0,0.0,0.0,0.0,0.0,0.0,0.0,0.0,-0.2,0.07,-0.02,52.0,-0.0,101.0,1,8,1221.8300000000002,40.0,4.717,0.0,2.116,0.0,1.148,0.0,0.625,11.0,,Sprint of small group,1.2,1.0,🟢  Plat/Sprint,1
2025-08-31,2025,grote-prijs-stad-halle,result,,Metec - SOLARWATT p/b Mantel,0,1.2,,,0.0,,,,,,,0.0,0.0,0.0,0.0,0.0,,179.05,88.2,75.2,10.8,2.45,0.0,48.3,36.6,0.16,87.5,1.75,0.0,2.19,2.88,0.0,2149.0,2137.0,115.0,23.0,6.0,0.0,0.0,0.0,0.0,0.9284,0.0,0.0,0.0,0.0,1.2,0.37,0.44,46.0,0.08,623.0,0,9,1388.37,40.0,2.807,0.0,1.404,0.0,0.587,0.0,0.0,9.0,,0.8 km solo,5.6,1.0,🟢  Plat/Sprint,1
2025-08-31,2025,ronde-van-de-achterhoek,result,,Metec - SOLARWATT p/b Mantel,1,1.2,FIN,13.0,0.0,,,,,,,0.0,0.0,0.0,0.0,0.0,,191.82,120.0,14.8,28.8,6.86,14.5,119.0,5.9,1.54,29.7,7.1,0.132,7.48,22.2,0.0,487.0,488.0,51.0,9.0,0.0,0.0,0.0,0.0,0.0,0.0,0.0,0.0,0.0,0.0,0.4,0.03,0.04,55.0,0.05,155.0,1,9,1388.37,40.0,9.921,5.178,6.498,0.0,3.143,0.0,0.0,10.0,,Sprint of large group,5.6,1.0,🟢  Plat/Sprint,1
2025-08-31,2025,bretagne-classic,result,,Euskaltel - Euskadi,0,1.UWT,,,0.0,,,,,,,16.0,16.0,0.0,0.0,0.0,,262.06,202.0,59.1,0.0,0.0,0.0,238.0,7.28,14.5,1.43,0.569,0.0,0.569,0.0,0.0,3851.0,3877.0,302.0,29.0,6.0,6.0,0.0,0.0,0.0,0.9734,0.6559,0.0,0.0,0.0,-1.9,-1.5,-0.18,216.0,0.11,640.0,1,9,1388.37,400.0,0.0,0.0,0.0,0.0,0.0,0.0,0.0,809.0,19.0,Sprint of large group,1.6,2.0,⛰️  Moy. montagne,0
2025-09-04,2025,okolo-jiznich-cech,stage,1.0,Metec - SOLARWATT p/b Mantel,1,2.2,FIN,43.0,0.0,79.0,0.0,,,,,0.0,7.0,0.0,0.0,0.0,1.0,0.0,160.0,6.7,0.9,0.0,0.0,165.0,2.66,0.0,0.0,0.0,0.0,0.0,0.0,0.0,0.0,0.0,0.0,0.0,0.0,0.0,0.0,0.0,0.0,0.0,0.0,0.0,0.0,0.0,0.0,0.0,0.0,0.0,0.0,0.0,1,7,1045.21,7.0,0.0,0.0,0.0,0.0,0.0,0.0,0.0,19.0,,-,0.0,2.0,⛰️  Moy. montagne,1
2025-09-05,2025,okolo-jiznich-cech,stage,2.0,Metec - SOLARWATT p/b Mantel,1,2.2,FIN,1.0,7.0,79.0,0.0,,,,,7.0,7.0,0.0,0.0,0.0,2.0,0.0,161.0,7.01,0.0,0.0,0.0,164.0,3.81,0.0,0.0,0.0,0.0,0.206,0.576,0.0,0.0,0.0,0.0,0.0,0.0,0.0,0.0,0.0,0.0,0.0,0.0,0.0,0.0,0.0,0.0,0.0,0.0,0.0,0.0,0.0,1,8,1045.21,7.0,0.0,0.0,0.0,0.0,0.0,0.0,1.0,19.0,,-,5.6,1.0,🟢  Plat/Sprint,1
2025-09-06,2025,okolo-jiznich-cech,stage,3.0,Metec - SOLARWATT p/b Mantel,1,2.2,FIN,122.0,0.0,79.0,0.0,,,,,0.0,7.0,0.0,0.0,0.0,3.0,0.0,124.0,2.13,0.0,0.0,0.0,125.0,1.43,0.0,0.0,0.0,0.0,0.0,0.0,0.0,0.0,0.0,0.0,0.0,0.0,0.0,0.0,0.0,0.0,0.0,0.0,0.0,0.0,0.0,0.0,0.0,0.0,0.0,0.0,0.0,1,9,1045.21,7.0,0.0,0.0,0.0,0.0,0.0,0.0,0.0,19.0,,-,0.0,2.0,⛰️  Moy. montagne,1
2025-09-07,2025,okolo-jiznich-cech,stage,4.0,Metec - SOLARWATT p/b Mantel,1,2.2,FIN,111.0,0.0,79.0,0.0,,,,,0.0,7.0,0.0,0.0,0.0,4.0,0.0,165.0,5.28,1.75,0.0,0.0,159.0,11.2,0.148,0.401,0.0,0.0,0.0,1.01,0.0,0.0,0.0,0.0,0.0,0.0,0.0,0.0,0.0,0.0,0.0,0.0,0.0,0.0,0.0,0.0,0.0,0.0,0.0,0.0,0.0,1,10,1045.21,7.0,0.0,0.0,0.0,0.0,0.0,0.0,0.0,19.0,,-,0.0,2.0,⛰️  Moy. montagne,1
2025-09-07,2025,gp-industria-artigianato,result,,Euskaltel - Euskadi,0,1.Pro,,,0.0,,,,,,,15.0,15.0,0.0,0.0,0.0,,195.23,163.0,32.1,0.0,0.0,0.0,175.0,3.98,16.3,0.0,0.0,0.0,0.218,0.0,0.0,2369.0,2369.0,355.0,17.0,0.0,2.0,3.0,0.0,0.0,0.9502,0.9502,0.9502,0.0,0.0,1.2,-2.7,-4.74,103.0,-0.02,323.0,1,10,1045.21,200.0,0.0,0.0,0.0,0.0,0.0,0.0,0.0,390.0,29.0,Sprint of small group,3.2,2.0,⛰️  Moy. montagne,0
2025-09-10,2025,giro-di-toscana,result,,Euskaltel - Euskadi,0,1.1,,,0.0,,,,,,,3.0,3.0,0.0,0.0,0.0,,189.5,183.0,6.18,0.0,0.0,0.0,173.0,2.75,14.0,0.0,0.0,0.0,0.0,0.0,0.0,2448.0,2446.0,639.0,5.0,4.0,1.0,2.0,0.0,0.0,0.8493,0.8493,0.8493,0.0,0.0,0.3,0.07,-0.26,34.0,0.05,614.0,0,11,1045.21,125.0,0.0,0.0,0.0,0.0,0.0,0.0,0.0,325.0,21.0,27 km solo,6.2,2.0,⛰️  Moy. montagne,0
2025-09-11,2025,gp-citta-di-peccioli,result,,Euskaltel - Euskadi,0,1.Pro,,,0.0,,,,,,,3.0,3.0,0.0,0.0,0.0,,198.25,162.0,35.3,0.661,0.0,0.0,166.0,5.68,26.7,0.0,1.09,0.0,1.09,0.0,0.0,2810.0,2836.0,230.0,36.0,20.0,1.0,0.0,0.0,0.0,0.9512,0.0488,0.0,0.0,0.0,5.4,2.4,1.54,110.0,-0.18,702.0,1,11,1045.21,200.0,0.135,0.0,0.0,0.0,0.0,0.0,0.0,363.0,24.0,0.3 km solo,6.8,2.0,⛰️  Moy. montagne,0
2025-09-13,2025,memorial-marco-pantani,result,,Euskaltel - Euskadi,0,1.1,,,0.0,,,,,,,0.0,0.0,0.0,0.0,0.0,,194.92,178.0,15.9,0.0,0.0,0.0,183.0,10.6,0.129,0.0,1.35,0.0,1.35,0.0,0.0,2532.0,2531.0,358.0,-1.0,4.0,3.0,3.0,0.0,0.0,0.7981,0.7462,0.4048,0.0,0.0,0.0,-0.03,-0.04,45.0,0.63,842.0,1,9,756.31,125.0,0.0,0.0,0.0,0.0,0.0,0.0,0.0,300.0,25.0,3.6 km solo,7.4,2.0,⛰️  Moy. montagne,0
2025-09-14,2025,grote-prijs-rik-van-looy,result,,Metec - SOLARWATT p/b Mantel,0,1.2,,,0.0,,,,,,,0.0,0.0,0.0,0.0,0.0,,184.68,64.3,107.0,12.2,0.0,0.127,56.2,48.2,0.774,46.4,1.04,0.0,1.41,0.127,0.0,656.0,655.0,44.0,7.0,0.0,0.0,0.0,0.0,0.0,0.0,0.0,0.0,0.0,0.0,-0.3,-0.1,-0.06,40.0,0.0,210.0,0,8,742.0600000000001,40.0,3.776,0.015,2.352,0.008,0.787,0.008,0.0,16.0,,-,6.4,1.0,🟢  Plat/Sprint,1
2025-09-14,2025,trofeo-matteotti,result,,Euskaltel - Euskadi,0,1.1,,,0.0,,,,,,,30.0,30.0,0.0,0.0,0.0,,193.51,190.0,0.0,0.0,0.0,0.0,168.0,4.81,0.0,16.8,3.54,0.0,3.27,0.0,0.0,2841.0,2842.0,146.0,4.0,13.0,0.0,0.0,0.0,0.0,0.9532,0.0,0.0,0.0,0.0,0.3,-1.87,-2.28,11.0,0.18,767.0,1,8,742.0600000000001,125.0,0.0,0.0,0.0,0.0,0.0,0.0,0.0,249.0,26.0,Sprint of small group,7.4,2.0,⛰️  Moy. montagne,0
2025-09-21,2025,gp-d-isbergues,result,,Euskaltel - Euskadi,1,1.1,FIN,118.0,0.0,,,,,,,3.0,3.0,0.0,0.0,0.0,,201.52,138.0,61.6,0.0,0.0,0.0,133.0,49.1,17.8,1.53,0.0,0.0,1.49,0.0,0.0,1155.0,1168.0,191.0,16.0,1.0,1.0,0.0,0.0,0.0,0.5525,0.4045,0.0,0.0,0.0,-0.1,0.07,0.0,44.0,-0.03,178.0,0,6,358.36,125.0,0.0,0.0,0.0,0.0,0.0,0.0,0.0,211.0,15.0,Sprint of large group,0.0,1.0,🟢  Plat/Sprint,0
2025-09-27,2025,arno-wallaard-memorial,result,,Metec - SOLARWATT p/b Mantel,0,1.2,,,0.0,,,,,,,3.0,3.0,0.0,0.0,0.0,,187.74,130.0,48.6,7.96,0.0,0.0,153.0,4.0,0.53,12.7,1.37,0.0,1.42,0.0,0.0,275.0,278.0,6.0,-4.0,0.0,0.0,0.0,0.0,0.0,0.0,0.0,0.0,0.0,0.0,0.2,0.13,0.02,22.0,-0.01,89.0,0,7,559.88,40.0,3.134,0.0,1.969,0.0,0.906,0.0,0.0,5.0,,Sprint of 3 riders,6.4,1.0,🟢  Plat/Sprint,1
2025-09-27,2025,gp-cerami,result,,Metec - SOLARWATT p/b Mantel,1,1.2,FIN,7.0,5.0,,,,,,,5.0,5.0,0.0,0.0,0.0,,176.23,136.0,33.6,1.95,0.0,0.0,127.0,22.9,6.19,15.3,4.47,0.0,4.47,0.0,0.0,1409.0,1351.0,149.0,41.0,5.0,0.0,0.0,0.0,0.0,0.932,0.0,0.0,0.0,0.0,2.5,1.2,0.08,98.0,0.12,417.0,1,7,559.88,40.0,0.837,0.0,0.388,0.0,0.388,0.0,0.125,17.0,,-,2.0,1.0,🟢  Plat/Sprint,1
2025-09-30,2025,tour-of-croatia,stage,1.0,Metec - SOLARWATT p/b Mantel,1,2.1,FIN,73.0,0.0,34.0,0.0,,,,,0.0,0.0,0.0,0.0,0.0,1.0,162.25,162.0,0.319,0.176,0.0,0.0,60.9,0.381,101.0,0.0,0.216,0.0,0.216,0.282,0.0,1684.0,1404.0,471.0,-2.0,3.0,0.0,1.0,0.0,0.0,0.8714,0.8714,0.8714,0.0,0.0,-0.9,-0.3,0.0,123.0,0.7,763.0,1,7,569.57,14.0,0.0,0.0,0.0,0.0,0.0,0.0,0.0,196.0,20.0,Sprint of large group,0.0,2.0,⛰️  Moy. montagne,1
2025-10-01,2025,tour-of-croatia,stage,2.0,Metec - SOLARWATT p/b Mantel,1,2.1,FIN,28.0,0.0,34.0,0.0,,,,,0.0,0.0,0.0,0.0,0.0,2.0,51.01,48.4,2.7,0.0,0.0,0.0,0.0,0.0,48.4,2.7,0.0,0.0,0.0,0.0,0.0,448.0,299.0,160.0,3.0,2.0,0.0,0.0,0.0,0.0,0.9933,0.0,0.0,0.0,0.0,1.9,1.73,1.48,268.0,0.26,428.0,1,7,540.0,14.0,0.0,0.0,0.0,0.0,0.0,0.0,0.0,196.0,18.0,Sprint of large group,3.0,1.0,🟢  Plat/Sprint,1
2025-10-02,2025,tour-of-croatia,stage,3.0,Metec - SOLARWATT p/b Mantel,1,2.1,FIN,86.0,0.0,34.0,0.0,,,,,0.0,0.0,0.0,0.0,0.0,3.0,150.19,144.0,0.116,0.0,0.0,0.0,38.6,0.794,104.0,0.0,6.25,0.0,2.8,0.346,0.137,1632.0,2188.0,838.0,3.0,2.0,2.0,1.0,0.0,0.0,0.8929,0.8929,0.3985,0.0,0.0,0.0,-1.05,-1.2,45.0,-0.27,284.0,1,8,591.01,14.0,0.0,0.0,0.0,0.0,0.0,0.0,0.0,196.0,12.0,Sprint of large group,0.0,2.0,⛰️  Moy. montagne,1
2025-10-03,2025,tour-of-croatia,stage,4.0,Metec - SOLARWATT p/b Mantel,1,2.1,FIN,39.0,0.0,34.0,0.0,,,,,0.0,0.0,0.0,0.0,0.0,4.0,191.06,167.0,3.71,0.887,3.47,0.0,116.0,2.36,52.4,0.0,16.6,0.0,16.7,2.58,1.39,3653.0,3398.0,957.0,0.0,7.0,4.0,1.0,0.0,1.0,0.9995,0.9206,0.9206,0.6366,0.6366,7.6,2.73,1.16,299.0,0.11,765.0,1,9,741.2,14.0,0.891,0.0,0.438,0.0,0.438,0.0,0.0,196.0,13.0,23.5 km solo,0.0,3.0,🏔️  Haute montagne,0
2025-10-04,2025,tour-of-croatia,stage,5.0,Metec - SOLARWATT p/b Mantel,1,2.1,FIN,11.0,0.0,34.0,0.0,,,,,0.0,0.0,0.0,0.0,0.0,5.0,150.53,147.0,2.93,0.0,0.0,0.0,98.1,8.83,41.6,1.16,0.0,0.0,0.269,0.482,0.0,1515.0,1494.0,581.0,105.0,1.0,1.0,1.0,0.0,0.0,0.8528,0.8528,0.8528,0.0,0.0,-0.2,-0.27,-0.72,72.0,0.02,300.0,1,10,932.26,14.0,0.0,0.0,0.0,0.0,0.0,0.0,0.0,196.0,15.0,Sprint of large group,3.0,1.0,🟢  Plat/Sprint,1
2025-10-05,2025,tour-of-croatia,stage,6.0,Metec - SOLARWATT p/b Mantel,1,2.1,FIN,88.0,0.0,34.0,0.0,,,,,0.0,0.0,0.0,0.0,0.0,6.0,156.71,124.0,2.41,0.0,2.53,0.0,57.1,2.58,22.5,7.28,27.7,0.392,28.2,6.23,0.691,531.0,553.0,201.0,99.0,1.0,0.0,0.0,0.0,0.0,0.7162,0.0,0.0,0.0,0.0,0.1,0.13,0.02,54.0,-0.05,107.0,1,10,1082.79,14.0,0.0,0.0,0.0,0.0,0.0,0.0,0.0,196.0,9.0,Sprint of large group,1.6,1.0,🟢  Plat/Sprint,1
2025-10-09,2025,tour-of-taihu-lake,stage,1.0,Euskaltel - Euskadi,0,2.Pro,,,0.0,,,,,,,0.0,93.0,83.0,0.0,0.0,1.0,96.86,51.3,18.0,0.0,0.0,0.0,51.0,30.9,8.2,0.0,8.14,0.0,28.6,0.0,0.0,997.0,980.0,149.0,19.0,5.0,0.0,0.0,0.0,0.0,0.8521,0.0,0.0,0.0,0.0,0.5,0.07,0.16,226.0,0.03,558.0,1,8,1239.5,20.0,0.0,0.0,0.0,0.0,0.0,0.0,0.0,83.0,,Sprint of large group,0.6,1.0,🟢  Plat/Sprint,0
2025-10-10,2025,tour-of-taihu-lake,stage,2.0,Euskaltel - Euskadi,0,2.Pro,,,0.0,,,,,,,0.0,93.0,83.0,0.0,0.0,2.0,123.71,33.8,90.1,0.0,0.0,0.0,119.0,1.23,4.0,0.0,0.0,0.0,0.0,0.0,0.0,165.0,166.0,6.0,-5.0,0.0,0.0,0.0,0.0,0.0,0.0,0.0,0.0,0.0,0.0,0.1,0.03,0.0,56.0,-0.0,71.0,1,8,1239.5,20.0,0.0,0.0,0.0,0.0,0.0,0.0,0.0,83.0,,Sprint of large group,0.6,1.0,🟢  Plat/Sprint,0
2025-10-11,2025,tour-of-taihu-lake,stage,3.0,Euskaltel - Euskadi,0,2.Pro,,,0.0,,,,,,,10.0,93.0,83.0,0.0,0.0,3.0,79.37,52.5,17.1,0.0,0.0,0.0,42.0,0.333,27.3,0.0,9.64,0.0,9.64,0.0,0.0,310.0,299.0,24.0,8.0,0.0,0.0,0.0,0.0,0.0,0.0,0.0,0.0,0.0,0.0,-0.04,-0.07,-0.09,16.0,0.02,212.0,1,8,1239.5,20.0,0.0,0.0,0.0,0.0,0.0,0.0,0.0,83.0,,Sprint of large group,1.2,1.0,🟢  Plat/Sprint,0
2025-10-11,2025,tour-de-vendee,result,,Euskaltel - Euskadi,1,1.1,FIN,24.0,3.0,,,,,,,3.0,3.0,0.0,0.0,0.0,,200.78,150.0,51.5,0.0,0.0,0.0,172.0,10.7,17.7,0.114,0.0,0.0,0.0,0.114,0.0,1807.0,1877.0,277.0,6.0,5.0,0.0,0.0,0.0,0.0,0.6909,0.0,0.0,0.0,0.0,-0.4,0.33,0.06,106.0,-0.07,562.0,0,8,1239.5,125.0,0.0,0.0,0.0,0.0,0.0,0.0,0.024,97.0,15.0,Sprint of large group,0.6,1.0,🟢  Plat/Sprint,0
2025-10-12,2025,tour-of-taihu-lake,stage,4.0,Euskaltel - Euskadi,0,2.Pro,,,0.0,,,,,,,0.0,93.0,83.0,0.0,0.0,4.0,103.14,103.0,0.0,0.0,0.0,0.0,87.2,0.0,0.0,15.8,0.0,0.0,0.0,0.0,0.0,645.0,642.0,33.0,-2.0,0.0,0.0,0.0,0.0,0.0,0.0,0.0,0.0,0.0,0.0,0.3,0.07,0.06,120.0,0.0,314.0,1,9,1440.28,20.0,0.0,0.0,0.0,0.0,0.0,0.0,0.0,83.0,,Sprint of large group,3.2,1.0,🟢  Plat/Sprint,0
2025-10-14,2025,tour-of-holland,prologue,,Metec - SOLARWATT p/b Mantel,0,2.1,,,0.0,,,,,,,0.0,0.0,0.0,0.0,0.0,,4.27,3.91,0.274,0.0,0.0,0.0,0.0,0.205,0.0,0.775,0.0,0.0,0.0,2.8,0.0,11.0,12.0,6.0,-2.0,0.0,0.0,0.0,0.0,0.0,0.0,0.0,0.0,0.0,0.0,-0.3,-0.1,-0.02,11.0,-0.02,11.0,0,9,1440.28,14.0,0.0,0.0,0.0,0.0,0.0,0.0,0.0,,,,0.0,0.0,⏱️  CLM,0
2025-10-15,2025,tour-of-holland,stage,1.0,Metec - SOLARWATT p/b Mantel,0,2.1,,,0.0,,,,,,,0.0,0.0,0.0,0.0,0.0,1.0,118.45,104.0,3.42,2.16,2.59,0.0,60.3,3.11,0.0,31.4,6.04,0.0,7.22,0.446,2.61,86.0,89.0,11.0,5.0,0.0,0.0,0.0,0.0,0.0,0.0,0.0,0.0,0.0,0.0,-0.4,-0.1,-0.08,22.0,0.0,34.0,0,9,1440.28,14.0,0.835,0.013,0.311,0.0,0.311,0.0,0.0,246.0,15.0,Sprint of large group,1.6,1.0,🟢  Plat/Sprint,1
2025-10-16,2025,tour-of-holland,stage,2.0,Metec - SOLARWATT p/b Mantel,0,2.1,,,0.0,,,,,,,0.0,0.0,0.0,0.0,0.0,2.0,15.05,4.38,9.92,0.557,0.0,0.0,7.67,0.933,0.0,2.93,0.296,0.0,0.296,0.118,0.0,9.0,9.0,10.0,7.0,0.0,0.0,0.0,0.0,0.0,0.0,0.0,0.0,0.0,0.0,0.1,0.03,0.02,9.0,0.0,9.0,0,9,1440.28,14.0,0.58,0.0,0.58,0.0,0.58,0.0,0.0,246.0,15.0,Time trial,1.0,1.0,🟢  Plat/Sprint,1
2025-10-17,2025,tour-of-holland,stage,3.0,Metec - SOLARWATT p/b Mantel,0,2.1,,,0.0,,,,,,,0.0,0.0,0.0,0.0,0.0,3.0,,,,,,,,,,,,,,,,,,,,0.0,0.0,0.0,0.0,0.0,,,,,,,,,,,,0,9,1440.28,,,,,,,,,246.0,13.0,-,,,,0
2025-10-18,2025,tour-of-holland,stage,4.0,Metec - SOLARWATT p/b Mantel,0,2.1,,,0.0,,,,,,,0.0,0.0,0.0,0.0,0.0,4.0,158.24,100.0,31.0,2.74,0.288,0.123,93.4,34.3,0.0,23.4,0.0,0.0,24.2,2.9,0.237,871.0,857.0,46.0,11.0,0.0,0.0,0.0,0.0,0.0,0.0,0.0,0.0,0.0,0.0,1.1,0.73,0.42,216.0,-0.01,158.0,0,9,1440.28,14.0,1.156,0.045,0.495,0.015,0.33,0.007,0.0,246.0,11.0,Sprint of 3 riders,0.0,1.0,🟢  Plat/Sprint,1
2025-10-19,2025,tour-of-holland,stage,5.0,Metec - SOLARWATT p/b Mantel,0,2.1,,,0.0,,,,,,,0.0,0.0,0.0,0.0,0.0,5.0,150.73,117.0,21.7,10.3,2.5,0.0,51.2,7.73,0.0,79.7,0.0,0.942,0.0,2.5,0.0,2176.0,2178.0,84.0,13.0,0.0,0.0,0.0,0.0,0.0,0.0,0.0,0.0,0.0,0.0,-3.4,-1.6,-0.32,169.0,0.04,710.0,0,9,1440.28,14.0,3.07,0.0,1.116,0.0,0.768,0.0,0.0,246.0,12.0,Sprint of small group,0.0,1.0,🟢  Plat/Sprint,1
