date,year,course,type,equipe,classification,rang,pts_uci,selected,pts_uci_equipe_stage,pts_uci_equipe_gc,pts_uci_equipe_kom,pts_uci_equipe_points,pts_uci_equipe_total
2017-03-05,2017,3daagse-van-west-vlaanderen,gc,FDJ,1.1,,0,0,,0.0,,,0.0
2017-05-09,2017,4-jours-de-dunkerque,gc,FDJ,2.HC,,0,0,,105.0,,,160.0
2017-04-16,2017,amstel-gold-race,gc,FDJ,1.UWT,,0,0,,0.0,,,70.0
2017-05-28,2017,boucles-de-l-aulne,gc,FDJ,1.1,,,1,,0.0,,,213.0
2017-06-01,2017,boucles-de-la-mayenne,gc,FDJ,2.1,,0,0,,85.0,,,118.0
2017-08-27,2017,bretagne-classic,gc,FDJ,1.UWT,,0,0,,0.0,,,8.0
2017-09-02,2017,brussels-cycling-classic,gc,FDJ,1.HC,,0,0,,0.0,,,200.0
2017-10-15,2017,chrono-des-nations,gc,FDJ,1.1,,0,0,,0.0,,,35.0
2017-03-18,2017,classic-loire-atlantique,gc,FDJ,1.1,,0,0,,0.0,,,50.0
2017-08-20,2017,cyclassics-hamburg,gc,FDJ,1.UWT,,,1,,0.0,,,320.0
2017-03-22,2017,dwars-door-vlaanderen,gc,FDJ,1.UWT,,0,0,,0.0,,,7.0
2017-03-24,2017,e3-harelbeke,gc,FDJ,1.UWT,,0,0,,0.0,,,40.0
2017-02-01,2017,etoile-de-besseges,gc,FDJ,2.1,,0,0,,3.0,,,34.0
2017-02-25,2017,faun-ardeche-classic,gc,FDJ,1.1,,,1,,0.0,,,40.0
2017-03-26,2017,gent-wevelgem,gc,FDJ,1.UWT,,0,0,,0.0,,,0.0
2017-05-05,2017,giro-d-italia,gc,FDJ,2.UWT,,0,0,,548.0,0.0,0.0,744.0
2017-05-05,2017,giro-d-italia,kom,FDJ,2.UWT,,0,0,,548.0,0.0,0.0,744.0
2017-05-05,2017,giro-d-italia,points,FDJ,2.UWT,,0,0,,548.0,0.0,0.0,744.0
2017-09-30,2017,giro-dell-emilia,gc,FDJ,1.HC,,0,0,,0.0,,,53.0
2017-10-01,2017,gp-bruno-beghelli,gc,FDJ,1.HC,,0,0,,0.0,,,8.0
2017-09-17,2017,gp-d-isbergues,gc,FDJ,1.1,,0,0,,0.0,,,25.0
2017-01-29,2017,gp-d-ouverture,gc,FDJ,1.1,,,1,,0.0,,,150.0
2017-04-13,2017,gp-de-denain,gc,FDJ,1.HC,,0,0,,0.0,,,208.0
2017-09-03,2017,gp-de-fourmies,gc,FDJ,1.HC,,0,0,,0.0,,,153.0
2017-05-21,2017,gp-de-la-somme,gc,FDJ,1.1,,0,0,,0.0,,,70.0
2017-05-27,2017,gp-de-plumelec,gc,FDJ,1.1,,,1,,0.0,,,93.0
2017-09-13,2017,gp-de-wallonie,gc,FDJ,1.1,,0,0,,0.0,,,3.0
2017-09-10,2017,gp-montreal,gc,FDJ,1.UWT,,,1,,0.0,,,20.0
2017-09-08,2017,gp-quebec,gc,FDJ,1.UWT,,,1,,0.0,,,20.0
2017-06-21,2017,halle-ingooigem,gc,FDJ,1.1,,0,0,,0.0,,,125.0
2017-10-07,2017,il-lombardia,gc,FDJ,1.UWT,,0,0,,0.0,,,265.0
2017-04-03,2017,itzulia-basque-country,gc,FDJ,2.UWT,119.0,0.0,1,,16.0,,,16.0
2017-02-26,2017,kuurne-brussel-kuurne,gc,FDJ,1.HC,,0,0,,0.0,,,70.0
2017-02-26,2017,la-drome-classic,gc,FDJ,1.1,,,1,,0.0,,,88.0
2017-04-19,2017,la-fleche-wallonne,gc,FDJ,1.UWT,,0,0,,0.0,,,188.0
2017-07-30,2017,la-poly-normande,gc,FDJ,1.1,,0,0,,0.0,,,90.0
2017-04-02,2017,la-roue-tourangelle,gc,FDJ,1.1,,0,0,,0.0,,,53.0
2017-06-15,2017,la-route-d-occitanie,gc,FDJ,2.1,52.0,0.0,1,,3.0,,,6.0
2017-04-23,2017,liege-bastogne-liege,gc,FDJ,1.UWT,,0,0,,0.0,,,30.0
2017-03-18,2017,milano-sanremo,gc,FDJ,1.UWT,,0,0,,0.0,,,190.0
2017-10-05,2017,milano-torino,gc,FDJ,1.HC,,0,0,,0.0,,,140.0
2017-06-25,2017,nc-france,gc,FDJ,NC,,,1,,0.0,,,70.0
2017-06-22,2017,nc-france-itt,gc,FDJ,NC,,,1,,0.0,,,21.0
2017-06-25,2017,nc-italy,gc,FDJ,NC,,0,0,,0.0,,,0.0
2017-06-25,2017,nc-lithuania,gc,FDJ,NC,,0,0,,0.0,,,70.0
2017-06-23,2017,nc-lithuania-itt,gc,FDJ,NC,,0,0,,0.0,,,30.0
2017-06-25,2017,nc-norway,gc,FDJ,NC,,0,0,,0.0,,,0.0
2017-06-25,2017,nc-sweden,gc,FDJ,NC,,0,0,,0.0,,,0.0
2017-06-22,2017,nc-sweden-itt,gc,FDJ,NC,,0,0,,0.0,,,30.0
2017-06-25,2017,nc-switserland,gc,FDJ,NC,,0,0,,0.0,,,0.0
2017-02-25,2017,omloop-het-nieuwsblad,gc,FDJ,1.UWT,,0,0,,0.0,,,25.0
2017-10-05,2017,paris-bourges,gc,FDJ,1.1,,0,0,,0.0,,,95.0
2017-04-11,2017,paris-camembert,gc,FDJ,1.1,,0,0,,0.0,,,70.0
2017-03-05,2017,paris-nice,gc,FDJ,2.UWT,,0,0,,30.0,,,125.0
2017-04-09,2017,paris-roubaix,gc,FDJ,1.UWT,,0,0,,0.0,,,198.0
2017-10-08,2017,paris-tours,gc,FDJ,1.HC,,,1,,0.0,,,45.0
2017-04-04,2017,region-pays-de-la-loire,gc,FDJ,2.1,,0,0,,85.0,,,93.0
2017-08-07,2017,renewi-tour,gc,FDJ,2.UWT,47.0,8.0,1,,16.0,,,16.0
2017-04-02,2017,ronde-van-vlaanderen,gc,FDJ,1.UWT,,0,0,,0.0,,,13.0
2017-03-31,2017,route-adelie-de-vitre,gc,FDJ,1.1,,0,0,,0.0,,,63.0
2017-02-15,2017,ruta-del-sol,gc,FDJ,2.HC,,0,0,,185.0,,,220.0
2017-07-29,2017,san-sebastian,gc,FDJ,1.UWT,,,1,,0.0,,,144.0
2017-04-05,2017,scheldeprijs,gc,FDJ,1.HC,,0,0,,0.0,,,53.0
2017-03-04,2017,strade-bianche,gc,FDJ,1.UWT,,0,0,,0.0,,,72.0
2017-03-09,2017,tirreno-adriatico,gc,FDJ,2.UWT,,0,0,,375.0,,,400.0
2017-06-04,2017,tour-auvergne-rhone-alpes,gc,FDJ,2.UWT,,0,0,,0.0,,,85.0
2017-02-21,2017,tour-cycliste-international-la-provence,gc,FDJ,2.1,15.0,5.0,1,,23.0,,,23.0
2017-07-01,2017,tour-de-france,gc,FDJ,2.UWT,,0,0,,25.0,0.0,0.0,245.0
2017-07-01,2017,tour-de-france,kom,FDJ,2.UWT,,0,0,,25.0,0.0,0.0,245.0
2017-07-01,2017,tour-de-france,points,FDJ,2.UWT,,0,0,,25.0,0.0,0.0,245.0
2017-08-08,2017,tour-de-l-ain,gc,FDJ,2.1,,0,0,,210.0,,,248.0
2017-07-29,2017,tour-de-pologne,gc,FDJ,2.UWT,,0,0,,56.0,,,56.0
2017-04-25,2017,tour-de-romandie,gc,FDJ,2.UWT,,,1,,10.0,,,10.0
2017-06-10,2017,tour-de-suisse,gc,FDJ,2.UWT,,0,0,,40.0,,,50.0
2017-10-01,2017,tour-de-vendee,gc,FDJ,1.1,,,1,,0.0,,,38.0
2017-07-22,2017,tour-de-wallonie,gc,FDJ,2.HC,72.0,0.0,1,,3.0,,,8.0
2017-02-18,2017,tour-des-alpes-maritimes,gc,FDJ,2.1,,0,0,,128.0,,,136.0
2017-01-17,2017,tour-down-under,gc,FDJ,2.UWT,,0,0,,43.0,,,43.0
2017-09-10,2017,tour-du-doubs,gc,FDJ,1.1,,0,0,,0.0,,,10.0
2017-04-15,2017,tour-du-finistere,gc,FDJ,1.1,,0,0,,0.0,,,35.0
2017-09-23,2017,tour-du-gevaudan-languedoc-roussillon,gc,FDJ,2.2,,0,0,,0.0,,,0.0
2017-08-15,2017,tour-du-limousin,gc,FDJ,2.1,,0,0,,0.0,,,0.0
2017-08-22,2017,tour-du-poitou-charentes-et-de-la-vienne,gc,FDJ,2.1,32.0,0.0,1,,43.0,,,57.0
2017-04-17,2017,tour-of-the-alps,gc,FDJ,2.HC,,0,0,,163.0,,,208.0
2017-10-03,2017,tre-valli-varesine,gc,FDJ,1.HC,,0,0,,0.0,,,150.0
2017-04-17,2017,tro-bro-leon,gc,FDJ,1.1,,0,0,,0.0,,,41.0
2017-02-12,2017,trofeo-laigueglia,gc,FDJ,1.HC,,,1,,0.0,,,65.0
2017-03-20,2017,volta-a-catalunya,gc,FDJ,2.UWT,,,1,,16.0,,,102.0
2017-02-15,2017,volta-ao-algarve,gc,FDJ,2.HC,,0,0,,3.0,,,3.0
2017-08-20,2017,vuelta-a-espana,gc,FDJ,2.UWT,,0,0,,20.0,0.0,0.0,60.0
2017-08-20,2017,vuelta-a-espana,kom,FDJ,2.UWT,,0,0,,20.0,0.0,0.0,60.0
2017-08-20,2017,vuelta-a-espana,points,FDJ,2.UWT,,0,0,,20.0,0.0,0.0,60.0
2017-02-02,2017,vuelta-a-la-comunidad-valenciana,gc,FDJ,2.1,,0,0,,16.0,,,16.0
2018-05-08,2018,4-jours-de-dunkerque,gc,Groupama - FDJ,2.HC,,0,0,,130.0,,,170.0
2018-04-15,2018,amstel-gold-race,gc,Groupama - FDJ,1.UWT,,0,0,,0.0,,,45.0
2018-05-27,2018,boucles-de-l-aulne,gc,Groupama - FDJ,1.1,,0,0,,0.0,,,85.0
2018-05-31,2018,boucles-de-la-mayenne,gc,Groupama - FDJ,2.1,,0,0,,85.0,,,98.0
2018-08-26,2018,bretagne-classic,gc,Groupama - FDJ,1.UWT,,0,0,,0.0,,,256.0
2018-09-01,2018,brussels-cycling-classic,gc,Groupama - FDJ,1.HC,,0,0,,0.0,,,0.0
2018-03-25,2018,cholet-pays-de-loire,gc,Groupama - FDJ,1.1,,,1,,0.0,,,40.0
2018-10-14,2018,chrono-des-nations,gc,Groupama - FDJ,1.1,,0,0,,0.0,,,35.0
2018-10-14,2018,chrono-des-nations-u23,gc,Groupama - FDJ,1.2U,,0,0,,0.0,,,25.0
2018-09-22,2018,circuit-franco-belge,gc,Groupama - FDJ,1.HC,,0,0,,0.0,,,0.0
2018-03-24,2018,classic-loire-atlantique,gc,Groupama - FDJ,1.1,,,1,,0.0,,,100.0
2018-08-19,2018,cyclassics-hamburg,gc,Groupama - FDJ,1.UWT,,0,0,,0.0,,,344.0
2018-03-23,2018,e3-harelbeke,gc,Groupama - FDJ,1.UWT,,0,0,,0.0,,,4.0
2018-01-31,2018,etoile-de-besseges,gc,Groupama - FDJ,2.1,19.0,3.0,1,,44.0,,,72.0
2018-02-24,2018,faun-ardeche-classic,gc,Groupama - FDJ,1.1,,,1,,0.0,,,50.0
2018-03-25,2018,gent-wevelgem,gc,Groupama - FDJ,1.UWT,,0,0,,0.0,,,325.0
2018-05-04,2018,giro-d-italia,gc,Groupama - FDJ,2.UWT,,0,0,,56.0,0.0,0.0,156.0
2018-05-04,2018,giro-d-italia,kom,Groupama - FDJ,2.UWT,,0,0,,56.0,0.0,0.0,156.0
2018-05-04,2018,giro-d-italia,points,Groupama - FDJ,2.UWT,,0,0,,56.0,0.0,0.0,156.0
2018-10-06,2018,giro-dell-emilia,gc,Groupama - FDJ,1.HC,,,1,,0.0,,,120.0
2018-09-19,2018,giro-di-toscana,gc,Groupama - FDJ,1.1,,0,0,,0.0,,,3.0
2018-10-07,2018,gp-bruno-beghelli,gc,Groupama - FDJ,1.HC,,,1,,0.0,,,58.0
2018-09-20,2018,gp-citta-di-peccioli,gc,Groupama - FDJ,1.1,,0,0,,0.0,,,6.0
2018-09-23,2018,gp-d-isbergues,gc,Groupama - FDJ,1.1,,0,0,,0.0,,,40.0
2018-01-28,2018,gp-d-ouverture,gc,Groupama - FDJ,1.1,,,1,,0.0,,,35.0
2018-03-18,2018,gp-de-denain,gc,Groupama - FDJ,1.HC,,,1,,0.0,,,55.0
2018-09-02,2018,gp-de-fourmies,gc,Groupama - FDJ,1.HC,,0,0,,0.0,,,165.0
2018-05-26,2018,gp-de-plumelec,gc,Groupama - FDJ,1.1,,0,0,,0.0,,,60.0
2018-09-12,2018,gp-de-wallonie,gc,Groupama - FDJ,1.1,,0,0,,0.0,,,16.0
2018-03-04,2018,gp-industria-artigianato,gc,Groupama - FDJ,1.HC,,,1,,0.0,,,0.0
2018-09-09,2018,gp-montreal,gc,Groupama - FDJ,1.UWT,,0,0,,0.0,,,113.0
2018-09-07,2018,gp-quebec,gc,Groupama - FDJ,1.UWT,,0,0,,0.0,,,261.0
2018-10-13,2018,il-lombardia,gc,Groupama - FDJ,1.UWT,,,1,,0.0,,,540.0
2018-04-02,2018,itzulia-basque-country,gc,Groupama - FDJ,2.UWT,55.0,4.0,1,,12.0,,,12.0
2018-02-25,2018,kuurne-brussel-kuurne,gc,Groupama - FDJ,1.HC,,0,0,,0.0,,,150.0
2018-02-25,2018,la-drome-classic,gc,Groupama - FDJ,1.1,,,1,,0.0,,,50.0
2018-04-18,2018,la-fleche-wallonne,gc,Groupama - FDJ,1.UWT,,,1,,0.0,,,48.0
2018-08-05,2018,la-poly-normande,gc,Groupama - FDJ,1.1,,0,0,,0.0,,,10.0
2018-04-01,2018,la-roue-tourangelle,gc,Groupama - FDJ,1.1,,0,0,,0.0,,,158.0
2018-06-14,2018,la-route-d-occitanie,gc,Groupama - FDJ,2.1,,0,0,,110.0,,,124.0
2018-04-22,2018,liege-bastogne-liege,gc,Groupama - FDJ,1.UWT,,,1,,0.0,,,30.0
2018-10-02,2018,memorial-frank-vandenbroucke,gc,Groupama - FDJ,1.1,,0,0,,0.0,,,3.0
2018-09-22,2018,memorial-marco-pantani,gc,Groupama - FDJ,1.1,,0,0,,0.0,,,85.0
2018-03-17,2018,milano-sanremo,gc,Groupama - FDJ,1.UWT,,0,0,,0.0,,,340.0
2018-10-10,2018,milano-torino,gc,Groupama - FDJ,1.HC,,,1,,0.0,,,290.0
2018-06-29,2018,nc-austria-itt,gc,Groupama - FDJ,NC,,0,0,,0.0,,,0.0
2018-07-01,2018,nc-austria2,gc,Groupama - FDJ,NC,,0,0,,0.0,,,0.0
2018-06-23,2018,nc-canada2,gc,Groupama - FDJ,NC,,0,0,,0.0,,,100.0
2018-07-01,2018,nc-france,gc,Groupama - FDJ,NC,,,1,,0.0,,,132.0
2018-06-28,2018,nc-france-itt,gc,Groupama - FDJ,NC,,,1,,0.0,,,39.0
2018-06-30,2018,nc-italy,gc,Groupama - FDJ,NC,,0,0,,0.0,,,0.0
2018-07-01,2018,nc-netherlands,gc,Groupama - FDJ,NC,,0,0,,0.0,,,60.0
2018-06-24,2018,nc-norway,gc,Groupama - FDJ,NC,,0,0,,0.0,,,1.0
2018-06-24,2018,nc-sweden,gc,Groupama - FDJ,NC,,0,0,,0.0,,,75.0
2018-06-20,2018,nc-sweden-itt,gc,Groupama - FDJ,NC,,0,0,,0.0,,,50.0
2018-07-01,2018,nc-switserland,gc,Groupama - FDJ,NC,,0,0,,0.0,,,120.0
2018-06-27,2018,nc-switzerland-itt,gc,Groupama - FDJ,NC,,0,0,,0.0,,,18.0
2018-02-24,2018,omloop-het-nieuwsblad,gc,Groupama - FDJ,1.UWT,,0,0,,0.0,,,61.0
2018-10-04,2018,paris-bourges,gc,Groupama - FDJ,1.1,,0,0,,0.0,,,155.0
2018-04-10,2018,paris-camembert,gc,Groupama - FDJ,1.1,,0,0,,0.0,,,168.0
2018-06-24,2018,paris-chauny-classique,gc,Groupama - FDJ,1.1,,0,0,,0.0,,,125.0
2018-03-04,2018,paris-nice,gc,Groupama - FDJ,2.UWT,,0,0,,35.0,,,155.0
2018-04-08,2018,paris-roubaix,gc,Groupama - FDJ,1.UWT,,0,0,,0.0,,,20.0
2018-10-07,2018,paris-tours,gc,Groupama - FDJ,1.HC,,0,0,,0.0,,,103.0
2018-04-03,2018,region-pays-de-la-loire,gc,Groupama - FDJ,2.1,,0,0,,15.0,,,37.0
2018-08-13,2018,renewi-tour,gc,Groupama - FDJ,2.UWT,,0,0,,26.0,,,26.0
2018-04-01,2018,ronde-van-vlaanderen,gc,Groupama - FDJ,1.UWT,,0,0,,0.0,,,45.0
2018-03-30,2018,route-adelie-de-vitre,gc,Groupama - FDJ,1.1,,0,0,,0.0,,,90.0
2018-08-04,2018,san-sebastian,gc,Groupama - FDJ,1.UWT,,0,0,,0.0,,,332.0
2018-04-04,2018,scheldeprijs,gc,Groupama - FDJ,1.HC,,0,0,,0.0,,,5.0
2018-03-03,2018,strade-bianche,gc,Groupama - FDJ,1.UWT,,,1,,0.0,,,20.0
2018-03-08,2018,tirreno-adriatico,gc,Groupama - FDJ,2.UWT,,0,0,,33.0,,,33.0
2018-06-03,2018,tour-auvergne-rhone-alpes,gc,Groupama - FDJ,2.UWT,18.0,30.0,1,,63.0,,,63.0
2018-02-08,2018,tour-cycliste-international-la-provence,gc,Groupama - FDJ,2.1,,0,0,,100.0,,,100.0
2018-07-07,2018,tour-de-france,gc,Groupama - FDJ,2.UWT,,0,0,,70.0,0.0,25.0,285.0
2018-07-07,2018,tour-de-france,kom,Groupama - FDJ,2.UWT,,0,0,,70.0,0.0,25.0,285.0
2018-07-07,2018,tour-de-france,points,Groupama - FDJ,2.UWT,,0,0,,70.0,0.0,25.0,285.0
2018-05-18,2018,tour-de-l-ain,gc,Groupama - FDJ,2.1,32.0,0.0,1,,130.0,,,149.0
2018-08-04,2018,tour-de-pologne,gc,Groupama - FDJ,2.UWT,71.0,0.0,1,,400.0,,,470.0
2018-04-24,2018,tour-de-romandie,gc,Groupama - FDJ,2.UWT,74.0,0.0,1,,50.0,,,50.0
2018-06-10,2018,tour-de-suisse,gc,Groupama - FDJ,2.UWT,,0,0,,85.0,,,145.0
2018-10-06,2018,tour-de-vendee,gc,Groupama - FDJ,1.1,,0,0,,0.0,,,10.0
2018-07-28,2018,tour-de-wallonie,gc,Groupama - FDJ,2.HC,,0,0,,8.0,,,8.0
2018-02-17,2018,tour-des-alpes-maritimes,gc,Groupama - FDJ,2.1,,0,0,,180.0,,,183.0
2018-01-16,2018,tour-down-under,gc,Groupama - FDJ,2.UWT,,0,0,,20.0,,,20.0
2018-09-09,2018,tour-du-doubs,gc,Groupama - FDJ,1.1,,0,0,,0.0,,,120.0
2018-04-14,2018,tour-du-finistere,gc,Groupama - FDJ,1.1,,0,0,,0.0,,,3.0
2018-08-15,2018,tour-du-limousin,gc,Groupama - FDJ,2.1,,0,0,,70.0,,,87.0
2018-08-21,2018,tour-du-poitou-charentes-et-de-la-vienne,gc,Groupama - FDJ,2.1,,0,0,,125.0,,,195.0
2018-10-16,2018,tour-of-guangxi,gc,Groupama - FDJ,2.UWT,,0,0,,10.0,,,10.0
2018-04-16,2018,tour-of-the-alps,gc,Groupama - FDJ,2.HC,,0,0,,208.0,,,228.0
2018-10-09,2018,tre-valli-varesine,gc,Groupama - FDJ,1.HC,,,1,,0.0,,,155.0
2018-04-15,2018,tro-bro-leon,gc,Groupama - FDJ,1.1,,0,0,,0.0,,,48.0
2018-09-23,2018,trofeo-matteotti,gc,Groupama - FDJ,1.1,,0,0,,0.0,,,18.0
2018-03-19,2018,volta-a-catalunya,gc,Groupama - FDJ,2.UWT,,0,0,,140.0,,,148.0
2018-02-14,2018,volta-ao-algarve,gc,Groupama - FDJ,2.HC,,0,0,,0.0,,,10.0
2018-08-25,2018,vuelta-a-espana,gc,Groupama - FDJ,2.UWT,77.0,0.0,1,,388.0,0.0,0.0,620.0
2018-08-25,2018,vuelta-a-espana,kom,Groupama - FDJ,2.UWT,51.0,0.0,1,,388.0,0.0,0.0,620.0
2018-08-25,2018,vuelta-a-espana,points,Groupama - FDJ,2.UWT,92.0,0.0,1,,388.0,0.0,0.0,620.0
2019-05-14,2019,4-jours-de-dunkerque,gc,Groupama - FDJ,2.HC,,0,0,,8.0,,,28.0
2019-04-21,2019,amstel-gold-race,gc,Groupama - FDJ,1.UWT,,,1,,0.0,,,135.0
2019-06-02,2019,boucles-de-l-aulne,gc,Groupama - FDJ,1.1,,,1,,0.0,,,46.0
2019-06-06,2019,boucles-de-la-mayenne,gc,Groupama - FDJ,2.1,,0,0,,35.0,,,35.0
2019-09-01,2019,bretagne-classic,gc,Groupama - FDJ,1.UWT,,0,0,,0.0,,,72.0
2019-09-07,2019,brussels-cycling-classic,gc,Groupama - FDJ,1.HC,,0,0,,0.0,,,78.0
2019-03-31,2019,cholet-pays-de-loire,gc,Groupama - FDJ,1.1,,,1,,0.0,,,125.0
2019-10-20,2019,chrono-des-nations,gc,Groupama - FDJ,1.1,,0,0,,0.0,,,10.0
2019-06-17,2019,cic-mont-ventoux,gc,Groupama - FDJ,1.1,,,1,,0.0,,,8.0
2019-03-30,2019,classic-loire-atlantique,gc,Groupama - FDJ,1.1,,,1,,0.0,,,95.0
2019-08-25,2019,cyclassics-hamburg,gc,Groupama - FDJ,1.UWT,,0,0,,0.0,,,116.0
2019-04-03,2019,dwars-door-vlaanderen,gc,Groupama - FDJ,1.UWT,,0,0,,0.0,,,5.0
2019-03-29,2019,e3-harelbeke,gc,Groupama - FDJ,1.UWT,,0,0,,0.0,,,10.0
2019-02-07,2019,etoile-de-besseges,gc,Groupama - FDJ,2.1,,0,0,,125.0,,,144.0
2019-03-02,2019,faun-ardeche-classic,gc,Groupama - FDJ,1.1,,,1,,0.0,,,100.0
2019-03-31,2019,gent-wevelgem,gc,Groupama - FDJ,1.UWT,,0,0,,0.0,,,50.0
2019-05-11,2019,giro-d-italia,gc,Groupama - FDJ,2.UWT,,0,0,,84.0,0.0,40.0,292.0
2019-05-11,2019,giro-d-italia,kom,Groupama - FDJ,2.UWT,,0,0,,84.0,0.0,40.0,292.0
2019-05-11,2019,giro-d-italia,points,Groupama - FDJ,2.UWT,,0,0,,84.0,0.0,40.0,292.0
2019-10-05,2019,giro-dell-emilia,gc,Groupama - FDJ,1.HC,,0,0,,0.0,,,40.0
2019-10-06,2019,gp-bruno-beghelli,gc,Groupama - FDJ,1.HC,,0,0,,0.0,,,106.0
2019-09-22,2019,gp-d-isbergues,gc,Groupama - FDJ,1.1,,,1,,0.0,,,3.0
2019-02-03,2019,gp-d-ouverture,gc,Groupama - FDJ,1.1,,0,0,,0.0,,,3.0
2019-03-24,2019,gp-de-denain,gc,Groupama - FDJ,1.HC,,0,0,,0.0,,,150.0
2019-09-08,2019,gp-de-fourmies,gc,Groupama - FDJ,1.HC,,0,0,,0.0,,,0.0
2019-06-01,2019,gp-de-plumelec,gc,Groupama - FDJ,1.1,,,1,,0.0,,,20.0
2019-03-10,2019,gp-industria-artigianato,gc,Groupama - FDJ,1.HC,,,1,,0.0,,,5.0
2019-09-15,2019,gp-montreal,gc,Groupama - FDJ,1.UWT,,0,0,,0.0,,,60.0
2019-09-13,2019,gp-quebec,gc,Groupama - FDJ,1.UWT,,0,0,,0.0,,,65.0
2019-10-12,2019,il-lombardia,gc,Groupama - FDJ,1.UWT,,0,0,,0.0,,,165.0
2019-04-08,2019,itzulia-basque-country,gc,Groupama - FDJ,2.UWT,46.0,8.0,1,,74.0,,,74.0
2019-03-03,2019,kuurne-brussel-kuurne,gc,Groupama - FDJ,1.HC,,0,0,,0.0,,,10.0
2019-03-03,2019,la-drome-classic,gc,Groupama - FDJ,1.1,,,1,,0.0,,,85.0
2019-04-24,2019,la-fleche-wallonne,gc,Groupama - FDJ,1.UWT,,,1,,0.0,,,48.0
2019-08-18,2019,la-poly-normande,gc,Groupama - FDJ,1.1,,,1,,0.0,,,3.0
2019-04-07,2019,la-roue-tourangelle,gc,Groupama - FDJ,1.1,,0,0,,0.0,,,73.0
2019-06-20,2019,la-route-d-occitanie,gc,Groupama - FDJ,2.1,77.0,0.0,1,,15.0,,,43.0
2019-04-28,2019,liege-bastogne-liege,gc,Groupama - FDJ,1.UWT,,0,0,,0.0,,,205.0
2019-10-08,2019,memorial-frank-vandenbroucke,gc,Groupama - FDJ,1.1,,0,0,,0.0,,,38.0
2019-03-23,2019,milano-sanremo,gc,Groupama - FDJ,1.UWT,,0,0,,0.0,,,18.0
2019-10-09,2019,milano-torino,gc,Groupama - FDJ,1.HC,,0,0,,0.0,,,90.0
2019-01-06,2019,nc-australia,gc,Groupama - FDJ,NC,,0,0,,0.0,,,0.0
2019-06-30,2019,nc-france,gc,Groupama - FDJ,NC,,,1,,0.0,,,44.0
2019-06-27,2019,nc-france-itt,gc,Groupama - FDJ,NC,,0,0,,0.0,,,56.0
2019-06-30,2019,nc-luxembourg,gc,Groupama - FDJ,NC,,0,0,,0.0,,,75.0
2019-06-30,2019,nc-netherlands,gc,Groupama - FDJ,NC,,0,0,,0.0,,,20.0
2019-06-30,2019,nc-norway,gc,Groupama - FDJ,NC,,0,0,,0.0,,,5.0
2019-06-30,2019,nc-sweden,gc,Groupama - FDJ,NC,,0,0,,0.0,,,75.0
2019-08-14,2019,nc-sweden-itt,gc,Groupama - FDJ,NC,,0,0,,0.0,,,50.0
2019-06-30,2019,nc-switserland,gc,Groupama - FDJ,NC,,0,0,,0.0,,,110.0
2019-06-26,2019,nc-switzerland-itt,gc,Groupama - FDJ,NC,,0,0,,0.0,,,50.0
2019-03-02,2019,omloop-het-nieuwsblad,gc,Groupama - FDJ,1.UWT,,0,0,,0.0,,,28.0
2019-10-10,2019,paris-bourges,gc,Groupama - FDJ,1.1,,0,0,,0.0,,,125.0
2019-04-16,2019,paris-camembert,gc,Groupama - FDJ,1.1,,0,0,,0.0,,,33.0
2019-09-29,2019,paris-chauny-classique,gc,Groupama - FDJ,1.1,,0,0,,0.0,,,40.0
2019-03-10,2019,paris-nice,gc,Groupama - FDJ,2.UWT,,0,0,,220.0,,,245.0
2019-04-14,2019,paris-roubaix,gc,Groupama - FDJ,1.UWT,,0,0,,0.0,,,110.0
2019-10-13,2019,paris-tours,gc,Groupama - FDJ,1.HC,,0,0,,0.0,,,129.0
2019-04-09,2019,region-pays-de-la-loire,gc,Groupama - FDJ,2.1,,0,0,,3.0,,,8.0
2019-08-12,2019,renewi-tour,gc,Groupama - FDJ,2.UWT,,0,0,,116.0,,,116.0
2019-08-04,2019,ride-london-classic,gc,Groupama - FDJ,1.UWT,,0,0,,0.0,,,5.0
2019-04-07,2019,ronde-van-vlaanderen,gc,Groupama - FDJ,1.UWT,,0,0,,0.0,,,30.0
2019-04-05,2019,route-adelie-de-vitre,gc,Groupama - FDJ,1.1,,0,0,,0.0,,,125.0
2019-08-03,2019,san-sebastian,gc,Groupama - FDJ,1.UWT,,0,0,,0.0,,,80.0
2019-03-09,2019,strade-bianche,gc,Groupama - FDJ,1.UWT,,,1,,0.0,,,33.0
2019-03-14,2019,tirreno-adriatico,gc,Groupama - FDJ,2.UWT,,0,0,,238.0,,,238.0
2019-06-09,2019,tour-auvergne-rhone-alpes,gc,Groupama - FDJ,2.UWT,,0,0,,295.0,,,295.0
2019-02-14,2019,tour-cycliste-international-la-provence,gc,Groupama - FDJ,2.1,,0,0,,150.0,,,150.0
2019-07-06,2019,tour-de-france,gc,Groupama - FDJ,2.UWT,,0,0,,195.0,0.0,0.0,420.0
2019-07-06,2019,tour-de-france,kom,Groupama - FDJ,2.UWT,,0,0,,195.0,0.0,0.0,420.0
2019-07-06,2019,tour-de-france,points,Groupama - FDJ,2.UWT,,0,0,,195.0,0.0,0.0,420.0
2019-05-24,2019,tour-de-l-ain,gc,Groupama - FDJ,2.1,,0,0,,125.0,,,144.0
2019-08-03,2019,tour-de-pologne,gc,Groupama - FDJ,2.UWT,,,1,,16.0,,,16.0
2019-04-30,2019,tour-de-romandie,gc,Groupama - FDJ,2.UWT,,,1,,258.0,,,403.0
2019-06-15,2019,tour-de-suisse,gc,Groupama - FDJ,2.UWT,,0,0,,58.0,,,58.0
2019-10-06,2019,tour-de-vendee,gc,Groupama - FDJ,1.1,,0,0,,0.0,,,125.0
2019-07-27,2019,tour-de-wallonie,gc,Groupama - FDJ,2.HC,,0,0,,46.0,,,66.0
2019-02-22,2019,tour-des-alpes-maritimes,gc,Groupama - FDJ,2.1,,0,0,,190.0,,,209.0
2019-01-15,2019,tour-down-under,gc,Groupama - FDJ,2.UWT,80.0,0.0,1,,50.0,,,50.0
2019-09-15,2019,tour-du-doubs,gc,Groupama - FDJ,1.1,,,1,,0.0,,,128.0
2019-04-20,2019,tour-du-finistere,gc,Groupama - FDJ,1.1,,0,0,,0.0,,,51.0
2019-08-21,2019,tour-du-limousin,gc,Groupama - FDJ,2.1,,0,0,,30.0,,,30.0
2019-08-27,2019,tour-du-poitou-charentes-et-de-la-vienne,gc,Groupama - FDJ,2.1,,0,0,,63.0,,,66.0
2019-10-08,2019,tre-valli-varesine,gc,Groupama - FDJ,1.HC,,0,0,,0.0,,,3.0
2019-04-22,2019,tro-bro-leon,gc,Groupama - FDJ,1.1,,0,0,,0.0,,,75.0
2019-02-17,2019,trofeo-laigueglia,gc,Groupama - FDJ,1.HC,,,1,,0.0,,,74.0
2019-02-25,2019,uae-tour,gc,Groupama - FDJ,2.UWT,,0,0,,230.0,,,242.0
2019-03-25,2019,volta-a-catalunya,gc,Groupama - FDJ,2.UWT,,0,0,,66.0,,,66.0
2019-02-20,2019,volta-ao-algarve,gc,Groupama - FDJ,2.HC,,0,0,,5.0,,,45.0
2019-08-25,2019,vuelta-a-espana,gc,Groupama - FDJ,2.UWT,,0,0,,48.0,0.0,0.0,68.0
2019-08-25,2019,vuelta-a-espana,kom,Groupama - FDJ,2.UWT,,0,0,,48.0,0.0,0.0,68.0
2019-08-25,2019,vuelta-a-espana,points,Groupama - FDJ,2.UWT,,0,0,,48.0,0.0,0.0,68.0
2020-08-25,2020,bretagne-classic,gc,Groupama - FDJ,1.UWT,,0,0,,0.0,,,124.0
2020-08-30,2020,brussels-cycling-classic,gc,Groupama - FDJ,1.Pro,,,1,,0.0,,,83.0
2020-08-06,2020,cic-mont-ventoux,gc,Groupama - FDJ,1.1,,,1,,0.0,,,23.0
2020-10-21,2020,classic-brugge-de-panne,gc,Groupama - FDJ,1.UWT,,0,0,,0.0,,,75.0
2020-02-05,2020,etoile-de-besseges,gc,Groupama - FDJ,2.1,,0,0,,145.0,,,159.0
2020-02-29,2020,faun-ardeche-classic,gc,Groupama - FDJ,1.Pro,,,1,,0.0,,,0.0
2020-10-11,2020,gent-wevelgem,gc,Groupama - FDJ,1.UWT,,0,0,,0.0,,,235.0
2020-10-03,2020,giro-d-italia,gc,Groupama - FDJ,2.UWT,,0,0,,0.0,0.0,100.0,420.0
2020-10-03,2020,giro-d-italia,kom,Groupama - FDJ,2.UWT,,0,0,,0.0,0.0,100.0,420.0
2020-10-03,2020,giro-d-italia,points,Groupama - FDJ,2.UWT,,0,0,,0.0,0.0,100.0,420.0
2020-09-20,2020,gp-d-isbergues,gc,Groupama - FDJ,1.1,,,1,,0.0,,,15.0
2020-02-02,2020,gp-d-ouverture,gc,Groupama - FDJ,1.1,,,1,,0.0,,,91.0
2020-02-02,2020,great-ocean-road-race,gc,Groupama - FDJ,1.UWT,,0,0,,0.0,,,35.0
2020-08-15,2020,il-lombardia,gc,Groupama - FDJ,1.UWT,,0,0,,0.0,,,40.0
2020-03-01,2020,kuurne-brussel-kuurne,gc,Groupama - FDJ,1.Pro,,0,0,,0.0,,,28.0
2020-03-01,2020,la-drome-classic,gc,Groupama - FDJ,1.Pro,,,1,,0.0,,,10.0
2020-09-30,2020,la-fleche-wallonne,gc,Groupama - FDJ,1.UWT,,0,0,,0.0,,,94.0
2020-08-01,2020,la-route-d-occitanie,gc,Groupama - FDJ,2.1,,0,0,,85.0,,,88.0
2020-10-04,2020,liege-bastogne-liege,gc,Groupama - FDJ,1.UWT,,0,0,,0.0,,,73.0
2020-08-08,2020,milano-sanremo,gc,Groupama - FDJ,1.UWT,,0,0,,0.0,,,25.0
2020-08-05,2020,milano-torino,gc,Groupama - FDJ,1.Pro,,0,0,,0.0,,,213.0
2020-08-23,2020,nc-france,gc,Groupama - FDJ,NC,,,1,,0.0,,,145.0
2020-08-21,2020,nc-france-itt,gc,Groupama - FDJ,NC,,0,0,,0.0,,,58.0
2020-08-23,2020,nc-luxembourg,gc,Groupama - FDJ,NC,,0,0,,0.0,,,100.0
2020-08-20,2020,nc-luxembourg-itt,gc,Groupama - FDJ,NC,,0,0,,0.0,,,20.0
2020-08-23,2020,nc-netherlands,gc,Groupama - FDJ,NC,,0,0,,0.0,,,3.0
2020-07-25,2020,nc-sweden-itt,gc,Groupama - FDJ,NC,,0,0,,0.0,,,30.0
2020-10-31,2020,nc-switserland,gc,Groupama - FDJ,NC,,0,0,,0.0,,,144.0
2020-07-12,2020,nc-switzerland-itt,gc,Groupama - FDJ,NC,,0,0,,0.0,,,50.0
2020-02-29,2020,omloop-het-nieuwsblad,gc,Groupama - FDJ,1.UWT,,0,0,,0.0,,,60.0
2020-09-22,2020,paris-camembert,gc,Groupama - FDJ,1.1,,,1,,0.0,,,18.0
2020-09-27,2020,paris-chauny-classique,gc,Groupama - FDJ,1.1,,,1,,0.0,,,50.0
2020-03-08,2020,paris-nice,gc,Groupama - FDJ,2.UWT,,0,0,,445.0,,,455.0
2020-10-11,2020,paris-tours,gc,Groupama - FDJ,1.Pro,,,1,,0.0,,,135.0
2020-01-30,2020,race-torquay,gc,Groupama - FDJ,1.1,,0,0,,0.0,,,43.0
2020-09-29,2020,renewi-tour,gc,Groupama - FDJ,2.UWT,,,1,,268.0,,,288.0
2020-10-18,2020,ronde-van-vlaanderen,gc,Groupama - FDJ,1.UWT,,0,0,,0.0,,,50.0
2020-10-14,2020,scheldeprijs,gc,Groupama - FDJ,1.Pro,,0,0,,0.0,,,5.0
2020-08-01,2020,strade-bianche,gc,Groupama - FDJ,1.UWT,,,1,,0.0,,,30.0
2020-09-07,2020,tirreno-adriatico,gc,Groupama - FDJ,2.UWT,,0,0,,58.0,,,58.0
2020-08-12,2020,tour-auvergne-rhone-alpes,gc,Groupama - FDJ,2.UWT,,0,0,,480.0,,,515.0
2020-02-13,2020,tour-cycliste-international-la-provence,gc,Groupama - FDJ,2.Pro,,0,0,,100.0,,,100.0
2020-08-29,2020,tour-de-france,gc,Groupama - FDJ,2.UWT,,0,0,,125.0,0.0,0.0,165.0
2020-08-29,2020,tour-de-france,kom,Groupama - FDJ,2.UWT,,0,0,,125.0,0.0,0.0,165.0
2020-08-29,2020,tour-de-france,points,Groupama - FDJ,2.UWT,,0,0,,125.0,0.0,0.0,165.0
2020-08-07,2020,tour-de-l-ain,gc,Groupama - FDJ,2.1,58.0,0.0,1,,3.0,,,3.0
2020-09-15,2020,tour-de-luxembourg,gc,Groupama - FDJ,2.Pro,,0,0,,0.0,,,20.0
2020-08-05,2020,tour-de-pologne,gc,Groupama - FDJ,2.UWT,,0,0,,52.0,,,80.0
2020-08-16,2020,tour-de-wallonie,gc,Groupama - FDJ,2.Pro,,0,0,,211.0,,,261.0
2020-02-21,2020,tour-des-alpes-maritimes,gc,Groupama - FDJ,2.1,56.0,0.0,1,,48.0,,,51.0
2020-01-21,2020,tour-down-under,gc,Groupama - FDJ,2.UWT,,0,0,,43.0,,,43.0
2020-09-06,2020,tour-du-doubs,gc,Groupama - FDJ,1.1,,,1,,0.0,,,8.0
2020-08-18,2020,tour-du-limousin,gc,Groupama - FDJ,2.1,43.0,0.0,1,,91.0,,,101.0
2020-08-27,2020,tour-du-poitou-charentes-et-de-la-vienne,gc,Groupama - FDJ,2.1,,0,0,,165.0,,,193.0
2020-02-23,2020,uae-tour,gc,Groupama - FDJ,2.UWT,,0,0,,180.0,,,186.0
2020-02-19,2020,volta-ao-algarve,gc,Groupama - FDJ,2.Pro,,0,0,,15.0,,,20.0
2020-07-28,2020,vuelta-a-burgos,gc,Groupama - FDJ,2.Pro,,0,0,,5.0,,,25.0
2020-10-20,2020,vuelta-a-espana,gc,Groupama - FDJ,2.UWT,,0,0,,244.0,0.0,0.0,448.0
2020-10-20,2020,vuelta-a-espana,kom,Groupama - FDJ,2.UWT,,0,0,,244.0,0.0,0.0,448.0
2020-10-20,2020,vuelta-a-espana,points,Groupama - FDJ,2.UWT,,0,0,,244.0,0.0,0.0,448.0
2021-03-14,2021,paris-troyes,gc,CC Étupes,1.2,,,1,,0.0,,,0.0
2021-07-22,2021,tour-alsace,gc,CC Étupes,2.2,,0,0,,5.0,,,5.0
2021-10-22,2021,tour-cycliste-international-de-la-guadeloupe,gc,CC Étupes,2.2,,0,0,,35.0,,,58.0
2021-05-27,2021,tour-de-la-mirabelle,gc,CC Étupes,2.2,41.0,0.0,1,,0.0,,,4.0
